3 1 8 9 10 7 6 4 5 13 12 11 14 15 1 16 2 0 
4 1 3 8 9 10 7 6 5 13 12 11 14 15 1 16 2 0 
5 1 3 8 9 10 7 6 4 13 12 11 14 15 1 16 2 0 
6 1 3 8 9 10 7 4 5 13 12 11 14 15 1 16 2 0 
7 1 3 8 9 10 6 4 5 11 13 14 12 15 16 1 2 0 
8 1 3 9 10 7 6 4 5 11 13 14 12 15 16 1 2 0 
9 1 3 8 10 7 6 4 5 13 12 11 14 15 1 16 2 0 
10 1 3 8 9 7 6 4 5 13 12 11 14 15 1 16 2 0 
11 1 3 8 9 10 7 6 4 5 13 14 12 15 1 0 2 16 
12 -1 3 9 10 4 6 5 13 7 8 11 14 16 1 15 2 0 
13 1 3 9 10 4 6 5 12 7 8 11 14 16 1 15 2 0 
14 -1 3 9 10 4 6 5 13 12 7 8 11 16 1 15 2 0 
