0 409 0 409
0 0 1.3178714053e+04
0 383 -2.1655108258e+03
0 397 -2.3384171647e+03
0 401 -2.3178660876e+03
0 404 -2.1468925485e+03
0 816 -2.0268441207e+03
0 819 -2.1831833053e+03
1 1 2.4851848300e+04
1 373 -4.9559437846e+03
1 374 -4.8341808819e+03
1 380 -4.8768838912e+03
1 392 -5.0755650717e+03
1 399 -5.1092746709e+03
2 2 1.3176878868e+04
2 366 -2.1806914644e+03
2 367 -2.0007016717e+03
2 388 -2.2178362227e+03
2 394 -2.3255314497e+03
2 402 -2.3294784901e+03
2 406 -2.1226395697e+03
3 3 1.1285172154e+04
3 340 -1.9052126362e+03
3 341 -1.9619280285e+03
3 359 -1.7469357499e+03
3 363 -1.7440074187e+03
3 378 -1.9648678255e+03
3 385 -1.9622204948e+03
4 4 7.2065704391e+03
4 322 -1.0949394491e+03
4 323 -9.2898237658e+02
4 334 -9.3274764098e+02
4 335 -1.0938403036e+03
4 351 -9.8934464826e+02
4 361 -9.8125695015e+02
4 371 -1.1854590704e+03
5 5 1.1296656428e+04
5 315 -1.9412222203e+03
5 316 -1.9670274332e+03
5 346 -1.7318783530e+03
5 353 -1.7109775701e+03
5 364 -1.9535436801e+03
5 376 -1.9920071718e+03
6 6 1.1003658321e+04
6 284 -1.8142960430e+03
6 285 -1.8397141334e+03
6 307 -1.8525950498e+03
6 311 -1.8146317379e+03
6 332 -1.7803112246e+03
6 343 -1.9021101319e+03
7 7 1.2507355620e+04
7 278 -2.0639244879e+03
7 279 -1.9971502726e+03
7 302 -2.2519580254e+03
7 309 -2.1530227114e+03
7 328 -2.0764520920e+03
7 337 -1.9648480309e+03
8 8 2.6179172541e+04
8 266 -5.0414212650e+03
8 267 -5.2818190551e+03
8 273 -5.2592207547e+03
8 297 -5.2436700841e+03
8 304 -5.3530413823e+03
9 9 1.2410769796e+04
9 259 -1.9957557856e+03
9 260 -2.0165446760e+03
9 292 -2.1421483700e+03
9 299 -2.1795468305e+03
9 320 -2.0027662399e+03
9 330 -2.0740078945e+03
10 10 1.0981926096e+04
10 253 -1.8742835565e+03
10 254 -1.7840823329e+03
10 289 -1.8204618125e+03
10 294 -1.8622793194e+03
10 313 -1.9015043078e+03
10 325 -1.7393147667e+03
11 11 1.1998492976e+04
11 220 -1.9863288509e+03
11 221 -1.8608289488e+03
11 245 -2.1434607534e+03
11 249 -2.1302113857e+03
11 276 -2.0091178474e+03
11 287 -1.8685451898e+03
12 12 1.3009909571e+04
12 215 -2.1943957599e+03
12 216 -2.0366213298e+03
12 240 -2.2050660161e+03
12 247 -2.2555077723e+03
12 271 -2.2802725214e+03
12 281 -2.0380461716e+03
13 13 8.1093615258e+03
13 198 -1.3313545082e+03
13 199 -1.0697254844e+03
13 205 -1.0584752449e+03
13 206 -1.1302556082e+03
13 235 -1.0179451983e+03
13 242 -1.2613548277e+03
13 264 -1.2402506541e+03
14 14 1.2603748469e+04
14 191 -2.0701889749e+03
14 192 -2.1294245955e+03
14 230 -2.1082405121e+03
14 237 -1.9955452497e+03
14 257 -2.0499395571e+03
14 269 -2.2504095801e+03
15 15 1.1811471877e+04
15 184 -1.8740682292e+03
15 185 -1.8849937732e+03
15 226 -2.1160467724e+03
15 232 -2.1093598696e+03
15 251 -1.8899017112e+03
15 262 -1.9371015214e+03
16 16 1.2405082111e+04
16 140 -2.0477538083e+03
16 141 -1.9743228204e+03
16 176 -2.2019425895e+03
16 180 -2.2069580950e+03
16 213 -2.0385851073e+03
16 223 -1.9355196909e+03
17 17 1.3175901287e+04
17 134 -2.1273479148e+03
17 135 -2.0517628673e+03
17 166 -2.4640532298e+03
17 178 -2.3090263377e+03
17 203 -2.0991330811e+03
17 218 -2.1245778563e+03
18 18 2.4197883310e+04
18 127 -4.5711800565e+03
18 128 -4.7853902842e+03
18 168 -5.3441888900e+03
18 170 -4.9677299418e+03
18 208 -4.5293941375e+03
19 19 1.1715721754e+04
19 115 -2.4342916668e+03
19 116 -1.5824993221e+03
19 156 -1.8387750723e+03
19 163 -1.7694110258e+03
19 172 -1.7923029060e+03
19 196 -2.2984417609e+03
20 20 1.1572108964e+04
20 108 -2.1856986868e+03
20 109 -1.6920079696e+03
20 151 -1.9215777613e+03
20 158 -1.9129233955e+03
20 189 -2.1725426008e+03
20 201 -1.6873585497e+03
21 21 1.1934339539e+04
21 101 -2.0633430162e+03
21 102 -1.8242465549e+03
21 146 -2.0944066342e+03
21 153 -2.0791666911e+03
21 182 -2.0240994873e+03
21 194 -1.8490771557e+03
22 22 1.2001682901e+04
22 99 -2.1315108276e+03
22 100 -1.7150507208e+03
22 101 -2.1152817378e+03
22 103 -2.1335969632e+03
22 150 -2.1456328471e+03
22 154 -1.7606098043e+03
23 23 1.2001285232e+04
23 102 -1.7788193228e+03
23 103 -2.1754241872e+03
23 104 -1.7629833744e+03
23 105 -2.0719760876e+03
23 145 -2.1804200992e+03
23 147 -2.0316621604e+03
24 24 1.1823124530e+04
24 106 -2.2976145055e+03
24 107 -1.5319325559e+03
24 108 -2.2336303127e+03
24 110 -2.0506200566e+03
24 155 -2.1272562701e+03
24 159 -1.5820708287e+03
25 25 1.1908820022e+04
25 109 -1.6687804839e+03
25 110 -2.1189165823e+03
25 111 -1.6331876025e+03
25 112 -2.2054996377e+03
25 150 -2.0957239223e+03
25 152 -2.1867117931e+03
26 26 1.1709765524e+04
26 113 -2.5927318163e+03
26 114 -1.2999340251e+03
26 115 -2.5544423870e+03
26 117 -2.0060145930e+03
26 160 -1.9012997159e+03
26 164 -1.3553429867e+03
27 27 1.1859147775e+04
27 116 -1.4784808596e+03
27 117 -2.0966245430e+03
27 118 -1.4245351987e+03
27 119 -2.4240124137e+03
27 155 -2.0876546028e+03
27 157 -2.3478401569e+03
28 28 1.1768972765e+04
28 121 -1.8140080611e+02
28 122 -3.0024789389e+03
28 123 -1.0833162963e+03
28 124 -2.8370442792e+03
28 160 -1.8874054199e+03
28 162 -2.7773270242e+03
29 29 1.4672167556e+04
29 125 -2.4065301978e+03
29 126 -1.8792634739e+03
29 127 -2.6342112961e+03
29 129 -2.8424660247e+03
29 165 -2.7535221305e+03
29 169 -2.1561744331e+03
30 30 1.2611306801e+04
30 128 -2.6153157250e+03
30 129 -2.6894571425e+03
30 130 -1.8503034207e+03
30 131 -1.5250428864e+03
30 171 -1.6223423850e+03
30 174 -2.3088452418e+03
31 31 1.2839332961e+04
31 132 -2.1220586498e+03
31 133 -1.9947244132e+03
31 134 -2.1208804446e+03
31 136 -2.3271413461e+03
31 175 -2.2513185980e+03
31 179 -2.0232095097e+03
32 32 1.3490788292e+04
32 135 -2.0431273080e+03
32 136 -2.3901364270e+03
32 137 -1.9535835324e+03
32 138 -2.2699855076e+03
32 165 -2.4998186936e+03
32 167 -2.3341368231e+03
33 33 1.2308044938e+04
33 139 -1.9486257917e+03
33 140 -2.0115980507e+03
33 142 -2.2073484077e+03
33 181 -1.9286762674e+03
33 507 -1.9971245472e+03
33 575 -2.2146718731e+03
34 34 1.2506787263e+04
34 141 -1.9881136834e+03
34 142 -2.2140998061e+03
34 143 -1.9873732463e+03
34 144 -2.0415272023e+03
34 175 -2.2116976257e+03
34 177 -2.0639756989e+03
35 35 1.1899001987e+04
35 146 -2.1378650081e+03
35 147 -1.9895088994e+03
35 148 -2.1568392534e+03
35 149 -1.8152062700e+03
35 183 -1.8495891628e+03
35 188 -1.9499933937e+03
36 36 1.1866375551e+04
36 151 -2.0110317591e+03
36 152 -2.1439602326e+03
36 153 -2.0400644399e+03
36 154 -1.7740860071e+03
36 190 -1.8060133266e+03
36 195 -2.0912197858e+03
37 37 1.1450014309e+04
37 156 -1.8897616024e+03
37 157 -2.2553157596e+03
37 158 -1.9061940272e+03
37 159 -1.5772539102e+03
37 197 -1.6611428870e+03
37 202 -2.1603461224e+03
38 38 1.0787014803e+04
38 161 -9.6371075838e+02
38 162 -2.4556356326e+03
38 163 -1.5096033850e+03
38 164 -1.4954614581e+03
38 173 -2.4889016304e+03
38 174 -1.8737019382e+03
39 39 1.5276794693e+04
39 166 -2.6645368192e+03
39 167 -2.4443373596e+03
39 168 -3.2612382432e+03
39 169 -2.2968287313e+03
39 204 -2.2139395989e+03
39 209 -2.3959139408e+03
40 40 1.3719899487e+04
40 170 -2.7297614356e+03
40 171 -1.8171183666e+03
40 172 -2.1111646149e+03
40 173 -2.5631860395e+03
40 210 -2.6126573719e+03
40 212 -1.8860116589e+03
41 41 1.2667055239e+04
41 176 -2.2174629021e+03
41 177 -2.0801708277e+03
41 178 -2.2347791837e+03
41 179 -2.0253280142e+03
41 214 -2.0288348213e+03
41 219 -2.0804794894e+03
42 42 1.1908721983e+04
42 182 -1.9743770630e+03
42 183 -1.8894115819e+03
42 184 -1.9234723965e+03
42 186 -2.1059209582e+03
42 229 -2.0878761795e+03
42 233 -1.9276638035e+03
43 43 1.1776348479e+04
43 185 -1.8609570728e+03
43 186 -2.1331045368e+03
43 187 -1.8400318583e+03
43 188 -1.9119236525e+03
43 225 -2.1474796462e+03
43 227 -1.8828517126e+03
44 44 1.1725187812e+04
44 189 -2.1253005942e+03
44 190 -1.8740785604e+03
44 191 -2.0515310822e+03
44 193 -1.9227177296e+03
44 234 -1.8619775227e+03
44 238 -1.8895823232e+03
45 45 1.2012126442e+04
45 192 -1.9705607651e+03
45 193 -2.0223901103e+03
45 194 -1.9008283982e+03
45 195 -2.0642555083e+03
45 229 -2.0435535385e+03
45 231 -2.0105381218e+03
46 46 1.1142417278e+04
46 196 -2.2035240282e+03
46 197 -1.6851034779e+03
46 198 -1.9277826142e+03
46 200 -1.7240974806e+03
46 211 -1.8156853480e+03
46 212 -1.7862243294e+03
47 47 1.0764752431e+04
47 199 -1.5474403792e+03
47 200 -1.6848159511e+03
47 201 -1.7043862068e+03
47 202 -2.0710789643e+03
47 234 -1.7439509861e+03
47 236 -2.0130799434e+03
48 48 1.2168282140e+04
48 203 -2.0309661930e+03
48 204 -2.0504088221e+03
48 205 -1.7181497218e+03
48 207 -2.2595293235e+03
48 239 -2.1591385331e+03
48 243 -1.9500895460e+03
49 49 1.3430452070e+04
49 206 -1.7829090317e+03
49 207 -2.4012087864e+03
49 208 -2.4172717600e+03
49 209 -2.2553283634e+03
49 210 -2.5631228531e+03
49 211 -2.0106112752e+03
50 50 1.2539244324e+04
50 213 -2.0847592085e+03
50 214 -1.9853407248e+03
50 215 -2.1190960489e+03
50 217 -2.1794722674e+03
50 244 -2.2001319287e+03
50 248 -1.9704441455e+03
51 51 1.2577621460e+04
51 216 -2.0059613478e+03
51 217 -2.1744346853e+03
51 218 -2.0592318969e+03
51 219 -2.0808296479e+03
51 239 -2.1932992269e+03
51 241 -2.0638646556e+03
52 52 1.1941627370e+04
52 220 -1.9586711419e+03
52 222 -2.1548530211e+03
52 250 -1.8617843472e+03
52 623 -1.9503303966e+03
52 624 -1.8504708485e+03
52 678 -2.1655176144e+03
53 53 1.2235927811e+04
53 221 -1.8935113659e+03
53 222 -2.1782871967e+03
53 223 -1.9131176473e+03
53 224 -2.0213852897e+03
53 244 -2.1809023309e+03
53 246 -2.0487239807e+03
54 54 1.1593863387e+04
54 226 -2.1060364356e+03
54 227 -1.8520037874e+03
54 228 -1.8150805946e+03
54 252 -1.8608575182e+03
54 256 -1.8680467054e+03
54 1104 -2.0918383459e+03
55 55 1.2227105983e+04
55 230 -2.1040637971e+03
55 231 -1.9657082354e+03
55 232 -2.1354917843e+03
55 233 -1.9941633625e+03
55 258 -2.0762626971e+03
55 263 -1.9514161062e+03
56 56 1.1613342320e+04
56 235 -1.6092558916e+03
56 236 -2.0142891601e+03
56 237 -1.8795586945e+03
56 238 -1.9280572404e+03
56 265 -2.0551851460e+03
56 270 -2.1269961878e+03
57 57 1.2005739742e+04
57 240 -2.1155910793e+03
57 241 -1.9940191920e+03
57 242 -1.8543492828e+03
57 243 -1.9435617045e+03
57 272 -2.0730498485e+03
57 275 -2.0251686350e+03
58 58 1.2562804591e+04
58 245 -2.2075743121e+03
58 246 -2.0975425885e+03
58 247 -2.2100742763e+03
58 248 -1.9429273914e+03
58 277 -1.9323309918e+03
58 282 -2.1723550305e+03
59 59 1.1673236190e+04
59 249 -2.1074285972e+03
59 250 -1.8263600646e+03
59 283 -1.8263021239e+03
59 288 -1.9342162846e+03
59 679 -2.0847781109e+03
59 680 -1.8941510087e+03
60 60 1.1499653595e+04
60 251 -1.8569710484e+03
60 252 -1.8449641341e+03
60 253 -1.9004757707e+03
60 255 -2.0262300572e+03
60 291 -2.0260336831e+03
60 295 -1.8449789018e+03
61 61 1.1326642895e+04
61 254 -1.8407549262e+03
61 255 -1.9934944923e+03
61 256 -1.8287473384e+03
61 290 -1.8709450369e+03
61 1141 -1.8157164238e+03
61 1172 -1.9769846772e+03
62 62 1.3243838597e+04
62 257 -2.0806825907e+03
62 258 -2.1956464332e+03
62 259 -2.1050870544e+03
62 261 -2.2462301550e+03
62 296 -2.2455600799e+03
62 300 -2.3706322838e+03
63 63 1.2077044535e+04
63 260 -2.0190631853e+03
63 261 -2.1538799008e+03
63 262 -1.9574233211e+03
63 263 -1.9046742846e+03
63 291 -2.1210259488e+03
63 293 -1.9209778940e+03
64 64 1.3718713927e+04
64 264 -1.9626678665e+03
64 265 -2.2275258352e+03
64 266 -2.6644042567e+03
64 268 -2.2845322560e+03
64 274 -2.4317701741e+03
64 275 -2.1478135387e+03
65 65 1.5137759960e+04
65 267 -3.0147059967e+03
65 268 -2.4361958460e+03
65 269 -2.4191886836e+03
65 270 -2.3267750002e+03
65 296 -2.4399601801e+03
65 298 -2.5009342537e+03
66 66 1.5440839553e+04
66 271 -2.4865080105e+03
66 272 -2.2872956603e+03
66 273 -3.0339587778e+03
66 274 -2.5987045365e+03
66 301 -2.5739826160e+03
66 305 -2.4603899522e+03
67 67 1.2216953128e+04
67 276 -2.0242832912e+03
67 277 -1.8967081629e+03
67 278 -2.0417723406e+03
67 280 -2.2141952121e+03
67 306 -2.1257537077e+03
67 310 -1.9142404133e+03
68 68 1.3434093879e+04
68 279 -2.0817133658e+03
68 280 -2.3082435297e+03
68 281 -2.0667506917e+03
68 282 -2.2457953667e+03
68 301 -2.3521906694e+03
68 303 -2.3794002560e+03
69 69 1.1350910981e+04
69 283 -1.7968308705e+03
69 284 -1.8802675664e+03
69 286 -1.9770303601e+03
69 312 -1.8775261398e+03
69 711 -1.8489148433e+03
69 751 -1.9703412010e+03
70 70 1.1557857464e+04
70 285 -1.8746547181e+03
70 286 -2.0304396788e+03
70 287 -1.8373155508e+03
70 288 -1.9040317162e+03
70 306 -2.0236620708e+03
70 308 -1.8877537297e+03
71 71 1.1014554759e+04
71 289 -1.8335563677e+03
71 290 -1.8304336409e+03
71 314 -1.8434506155e+03
71 319 -1.8423330384e+03
71 1173 -1.8471015509e+03
71 1174 -1.8176795456e+03
72 72 1.1244507186e+04
72 292 -1.9870961747e+03
72 293 -1.8725471880e+03
72 294 -1.9429731217e+03
72 295 -1.7982037715e+03
72 321 -1.7833501658e+03
72 326 -1.8603367645e+03
73 73 1.5607145074e+04
73 297 -3.0156111344e+03
73 298 -2.5472763764e+03
73 299 -2.4500005340e+03
73 300 -2.5112683375e+03
73 327 -2.6460190187e+03
73 331 -2.4369696730e+03
74 74 1.5791562930e+04
74 302 -2.5006623158e+03
74 303 -2.5992970274e+03
74 304 -3.1047337376e+03
74 305 -2.5143472791e+03
74 327 -2.6863567638e+03
74 329 -2.3861658061e+03
75 75 1.1261914768e+04
75 307 -1.9247286339e+03
75 308 -1.8550516584e+03
75 309 -1.9829885305e+03
75 310 -1.8729963343e+03
75 333 -1.8492656179e+03
75 338 -1.7768839931e+03
76 76 1.1030396481e+04
76 311 -1.8317368057e+03
76 312 -1.8335638541e+03
76 339 -1.8427821779e+03
76 344 -1.8495416880e+03
76 752 -1.8325977532e+03
76 753 -1.8401742019e+03
77 77 1.0792438468e+04
77 313 -1.8866460762e+03
77 314 -1.8478800060e+03
77 315 -1.8742661219e+03
77 317 -1.6916056244e+03
77 350 -1.6948783723e+03
77 354 -1.7971622676e+03
78 78 1.0616445410e+04
78 316 -1.8675183989e+03
78 317 -1.7077099944e+03
78 318 -1.8252189434e+03
78 319 -1.7852434815e+03
78 345 -1.6787963736e+03
78 347 -1.7519582185e+03
79 79 1.0385111026e+04
79 320 -1.8485638527e+03
79 321 -1.6972334355e+03
79 322 -1.5847427178e+03
79 324 -1.7374277509e+03
79 355 -1.8476709086e+03
79 357 -1.6694723607e+03
80 80 1.0061569064e+04
80 323 -1.4523936672e+03
80 324 -1.6617537618e+03
80 325 -1.6877978315e+03
80 326 -1.8123620594e+03
80 350 -1.6529494946e+03
80 352 -1.7943122493e+03
81 81 1.2703247798e+04
81 328 -2.1390535333e+03
81 329 -2.1622993927e+03
81 330 -2.1069858321e+03
81 331 -2.1793677091e+03
81 355 -2.0528595523e+03
81 356 -2.0626817783e+03
82 82 1.0030939095e+04
82 332 -1.6894562726e+03
82 333 -1.7848316039e+03
82 334 -1.4548355321e+03
82 336 -1.6699836722e+03
82 358 -1.6347316242e+03
82 362 -1.7971003902e+03
83 83 1.0399938216e+04
83 335 -1.5687859529e+03
83 336 -1.7267687116e+03
83 337 -1.8579080049e+03
83 338 -1.7247993093e+03
83 356 -1.8568404804e+03
83 357 -1.6648357566e+03
84 84 1.0797647729e+04
84 341 -1.8731341349e+03
84 342 -1.7198812057e+03
84 343 -1.8780401079e+03
84 344 -1.8319308421e+03
84 358 -1.6902413974e+03
84 360 -1.8044200409e+03
85 85 9.8350358605e+03
85 346 -1.6562345977e+03
85 347 -1.6623322006e+03
85 348 -1.4160350593e+03
85 349 -1.6766857786e+03
85 365 -1.7879336711e+03
85 370 -1.6358145531e+03
86 86 1.0651718330e+04
86 351 -1.4970299570e+03
86 352 -1.8612617583e+03
86 353 -1.6832083348e+03
86 354 -1.7637823933e+03
86 372 -1.8167888687e+03
86 377 -2.0296470175e+03
87 87 1.0652759259e+04
87 359 -1.7063860086e+03
87 360 -1.7519942752e+03
87 361 -1.4950645676e+03
87 362 -1.8541524665e+03
87 379 -2.0341728123e+03
87 382 -1.8109891283e+03
88 88 1.2103534859e+04
88 364 -2.0345830504e+03
88 365 -1.9707458623e+03
88 366 -2.0684316503e+03
88 368 -1.9397200324e+03
88 391 -2.0182542935e+03
88 395 -2.0717999700e+03
89 89 1.0211821770e+04
89 367 -1.8316154161e+03
89 368 -1.7695153706e+03
89 369 -1.5093131429e+03
89 370 -1.6579316494e+03
89 387 -1.6613873409e+03
89 389 -1.7820588498e+03
90 90 1.2600877592e+04
90 371 -1.8967404353e+03
90 372 -1.9280289835e+03
90 373 -2.6334755048e+03
90 375 -2.0956051643e+03
90 381 -2.0929092110e+03
90 382 -1.9541182926e+03
91 91 1.3993157656e+04
91 374 -2.6840184391e+03
91 375 -2.2158009244e+03
91 376 -2.1557323939e+03
91 377 -2.2696108678e+03
91 391 -2.1686049754e+03
91 393 -2.4993900550e+03
92 92 1.4144084332e+04
92 378 -2.1825178120e+03
92 379 -2.2727274569e+03
92 380 -2.7365656778e+03
92 381 -2.2438521701e+03
92 396 -2.2121072853e+03
92 400 -2.4963139298e+03
93 93 1.2096754870e+04
93 383 -2.0826561073e+03
93 384 -1.9308194986e+03
93 385 -2.0530433942e+03
93 386 -1.9408428093e+03
93 396 -1.9997222038e+03
93 398 -2.0896708566e+03
94 94 1.2073633854e+04
94 388 -2.0675684505e+03
94 389 -1.8897345283e+03
94 390 -1.9350123988e+03
94 1623 -2.0562751884e+03
94 1628 -2.0286128666e+03
94 1629 -2.0964304214e+03
95 95 1.5493501042e+04
95 392 -2.9749645079e+03
95 393 -2.6197053447e+03
95 394 -2.4581432375e+03
95 395 -2.3277270130e+03
95 403 -2.4926515815e+03
95 407 -2.6203093571e+03
96 96 1.5591883862e+04
96 397 -2.4645836699e+03
96 398 -2.3752959965e+03
96 399 -3.0051665212e+03
96 400 -2.6010792371e+03
96 403 -2.5309092431e+03
96 405 -2.6148491944e+03
97 97 1.4723435501e+04
97 404 -2.3052640600e+03
97 405 -2.5205475216e+03
97 406 -2.2939276026e+03
97 407 -2.5573425905e+03
97 408 -2.5047587679e+03
97 409 -2.5415949582e+03
98 98 1.2055415866e+04
98 104 -2.2306496821e+03
98 145 -1.7778875062e+03
98 853 -2.0086305628e+03
98 950 -2.2214063790e+03
99 99 1.2055510135e+04
99 22 -2.1315108276e+03
99 100 -2.1844885479e+03
99 111 -2.2101552920e+03
99 150 -1.7006834814e+03
100 100 1.2042552628e+04
100 22 -1.7150507208e+03
100 99 -2.1844885479e+03
100 103 -2.1041558756e+03
100 105 -2.1995037534e+03
101 101 1.1971129579e+04
101 21 -2.0633430162e+03
101 22 -2.1152817378e+03
101 102 -2.1124581713e+03
101 103 -1.7665156034e+03
101 153 -1.8056246361e+03
101 154 -2.1079064147e+03
102 102 1.1954318928e+04
102 21 -1.8242465549e+03
102 23 -1.7788193228e+03
102 101 -2.1124581713e+03
102 103 -2.0696745998e+03
102 146 -2.0297844767e+03
102 147 -2.1393358025e+03
103 103 1.1995617786e+04
103 22 -2.1335969632e+03
103 23 -2.1754241872e+03
103 100 -2.1041558756e+03
103 101 -1.7665156034e+03
103 102 -2.0696745998e+03
103 105 -1.7462505570e+03
104 104 1.2069962310e+04
104 23 -1.7629833744e+03
104 98 -2.2306496821e+03
104 105 -2.2147512367e+03
104 145 -2.0354583583e+03
105 105 1.2068997897e+04
105 23 -2.0719760876e+03
105 100 -2.1995037534e+03
105 103 -1.7462505570e+03
105 104 -2.2147512367e+03
106 106 1.2022027391e+04
106 24 -2.2976145055e+03
106 107 -2.1726325215e+03
106 118 -2.2340161337e+03
106 155 -1.4885810795e+03
107 107 1.1956241024e+04
107 24 -1.5319325559e+03
107 106 -2.1726325215e+03
107 110 -2.2520339166e+03
107 112 -2.1702850480e+03
108 108 1.1675684769e+04
108 20 -2.1856986868e+03
108 24 -2.2336303127e+03
108 109 -1.9936309232e+03
108 110 -1.5944686514e+03
108 158 -1.6309515649e+03
108 159 -2.0373046302e+03
109 109 1.1753855231e+04
109 20 -1.6920079696e+03
109 25 -1.6687804839e+03
109 108 -1.9936309232e+03
109 110 -2.2162929416e+03
109 151 -2.1768235233e+03
109 152 -2.0063193892e+03
110 110 1.1824353391e+04
110 24 -2.0506200566e+03
110 25 -2.1189165823e+03
110 107 -2.2520339166e+03
110 108 -1.5944686514e+03
110 109 -2.2162929416e+03
110 112 -1.5920212428e+03
111 111 1.2039740311e+04
111 25 -1.6331876025e+03
111 99 -2.2101552920e+03
111 112 -2.1988108328e+03
111 150 -2.1769251940e+03
112 112 1.2000667795e+04
112 25 -2.2054996377e+03
112 107 -2.1702850480e+03
112 110 -1.5920212428e+03
112 111 -2.1988108328e+03
113 113 1.2005771661e+04
113 26 -2.5927318163e+03
113 114 -2.1277471436e+03
113 123 -2.2381533597e+03
113 160 -1.2246194417e+03
114 114 1.1975847895e+04
114 26 -1.2999340251e+03
114 113 -2.1277471436e+03
114 117 -2.5105757325e+03
114 119 -2.1802479386e+03
115 115 1.1680563811e+04
115 19 -2.4342916668e+03
115 26 -2.5544423870e+03
115 116 -1.8907338668e+03
115 117 -1.4000838752e+03
115 163 -1.6125362716e+03
115 164 -1.7884757433e+03
116 116 1.1678212909e+04
116 19 -1.5824993221e+03
116 27 -1.4784808596e+03
116 115 -1.8907338668e+03
116 117 -2.4391388413e+03
116 156 -2.3250377736e+03
116 157 -1.9623222457e+03
117 117 1.1824501643e+04
117 26 -2.0060145930e+03
117 27 -2.0966245430e+03
117 114 -2.5105757325e+03
117 115 -1.4000838752e+03
117 116 -2.4391388413e+03
117 119 -1.3720640578e+03
118 118 1.2055408626e+04
118 27 -1.4245351987e+03
118 106 -2.2340161337e+03
118 119 -2.2236759370e+03
118 155 -2.3503837423e+03
119 119 1.2046547382e+04
119 27 -2.4240124137e+03
119 114 -2.1802479386e+03
119 117 -1.3720640578e+03
119 118 -2.2236759370e+03
120 120 1.2658279854e+04
120 122 -3.9913778909e+03
120 124 -1.9955735710e+03
121 121 8.4898252508e+03
121 28 -1.8140080611e+02
121 122 -2.6800341685e+03
121 161 -1.9320922602e+03
121 162 -6.6963262318e+02
122 122 1.2037654944e+04
122 28 -3.0024789389e+03
122 120 -3.9913778909e+03
122 121 -2.6800341685e+03
122 124 -1.5543658907e+03
123 123 1.2190352648e+04
123 28 -1.0833162963e+03
123 113 -2.2381533597e+03
123 124 -2.2440530334e+03
123 160 -2.7091761877e+03
124 124 1.2820242129e+04
124 28 -2.8370442792e+03
124 120 -1.9955735710e+03
124 122 -1.5543658907e+03
124 123 -2.2440530334e+03
125 125 1.3267469961e+04
125 29 -2.4065301978e+03
125 126 -2.5394175974e+03
125 137 -2.3879173507e+03
125 165 -1.9306524415e+03
126 126 1.2754675634e+04
126 29 -1.8792634739e+03
126 125 -2.5394175974e+03
126 129 -2.1303620932e+03
126 131 -2.5512032314e+03
127 127 1.8661287158e+04
127 18 -4.5711800565e+03
127 29 -2.6342112961e+03
127 128 -3.1542446861e+03
127 129 -2.4653741448e+03
127 168 -2.5726790961e+03
127 169 -3.2635978785e+03
128 128 1.7942195722e+04
128 18 -4.7853902842e+03
128 30 -2.6153157250e+03
128 127 -3.1542446861e+03
128 129 -2.2259252809e+03
128 170 -2.2251334882e+03
128 171 -2.9361862572e+03
129 129 1.4235197247e+04
129 29 -2.8424660247e+03
129 30 -2.6894571425e+03
129 126 -2.1303620932e+03
129 127 -2.4653741448e+03
129 128 -2.2259252809e+03
129 131 -1.8816125609e+03
130 130 9.2952634583e+03
130 30 -1.8503034207e+03
130 131 -2.4933775296e+03
130 161 -1.9477472059e+03
130 174 -9.1302751764e+02
131 131 1.1363953882e+04
131 30 -1.5250428864e+03
131 126 -2.5512032314e+03
131 129 -1.8816125609e+03
131 130 -2.4933775296e+03
132 132 1.2653661632e+04
132 31 -2.1220586498e+03
132 133 -2.2543245420e+03
132 143 -2.2005588415e+03
132 175 -2.0046976820e+03
133 133 1.2818200441e+04
133 31 -1.9947244132e+03
133 132 -2.2543245420e+03
133 136 -2.1887216140e+03
133 138 -2.2574010738e+03
134 134 1.3044788836e+04
134 17 -2.1273479148e+03
134 31 -2.1208804446e+03
134 135 -2.4356011459e+03
134 136 -1.9982099576e+03
134 178 -2.0700846952e+03
134 179 -2.2926646783e+03
135 135 1.3441632544e+04
135 17 -2.0517628673e+03
135 32 -2.0431273080e+03
135 134 -2.4356011459e+03
135 136 -2.2343345459e+03
135 166 -2.1886285175e+03
135 167 -2.4881781597e+03
136 136 1.3119443019e+04
136 31 -2.3271413461e+03
136 32 -2.3901364270e+03
136 133 -2.1887216140e+03
136 134 -1.9982099576e+03
136 135 -2.2343345459e+03
136 138 -1.9808991284e+03
137 137 1.3189601191e+04
137 32 -1.9535835324e+03
137 125 -2.3879173507e+03
137 138 -2.3417205455e+03
137 165 -2.3745584423e+03
138 138 1.3000163893e+04
138 32 -2.2699855076e+03
138 133 -2.2574010738e+03
138 136 -1.9808991284e+03
138 137 -2.3417205455e+03
139 139 1.2347401181e+04
139 33 -1.9486257917e+03
139 142 -2.0183874758e+03
139 144 -2.2045333623e+03
139 507 -2.2127783971e+03
140 140 1.2363319017e+04
140 16 -2.0477538083e+03
140 33 -2.0115980507e+03
140 141 -2.2076170310e+03
140 142 -1.9493212886e+03
140 180 -1.9365345464e+03
140 181 -2.2104942923e+03
141 141 1.2472400843e+04
141 16 -1.9743228204e+03
141 34 -1.9881136834e+03
141 140 -2.2076170310e+03
141 142 -2.0424381086e+03
141 176 -2.0558218296e+03
141 177 -2.2040873701e+03
142 142 1.2403999907e+04
142 33 -2.2073484077e+03
142 34 -2.2140998061e+03
142 139 -2.0183874758e+03
142 140 -1.9493212886e+03
142 141 -2.0424381086e+03
142 144 -1.9724048204e+03
143 143 1.2519040204e+04
143 34 -1.9873732463e+03
143 132 -2.2005588415e+03
143 144 -2.2095054106e+03
143 175 -2.0730517752e+03
144 144 1.2434753438e+04
144 34 -2.0415272023e+03
144 139 -2.2045333623e+03
144 142 -1.9724048204e+03
144 143 -2.2095054106e+03
145 145 1.1994057426e+04
145 23 -2.1804200992e+03
145 98 -1.7778875062e+03
145 104 -2.0354583583e+03
145 147 -1.7937566322e+03
145 149 -2.0004553129e+03
145 853 -2.2060795175e+03
146 146 1.1920628247e+04
146 21 -2.0944066342e+03
146 35 -2.1378650081e+03
146 102 -2.0297844767e+03
146 147 -1.8228113858e+03
146 182 -1.8542412706e+03
146 183 -1.9815194719e+03
147 147 1.1943462834e+04
147 23 -2.0316621604e+03
147 35 -1.9895088994e+03
147 102 -2.1393358025e+03
147 145 -1.7937566322e+03
147 146 -1.8228113858e+03
147 149 -2.1663879534e+03
148 148 1.1865960390e+04
148 35 -2.1568392534e+03
148 149 -1.9629198756e+03
148 187 -1.9226712773e+03
148 188 -1.8361717775e+03
148 839 -2.1752607707e+03
148 951 -1.8120974356e+03
149 149 1.1931897215e+04
149 35 -1.8152062700e+03
149 145 -2.0004553129e+03
149 147 -2.1663879534e+03
149 148 -1.9629198756e+03
149 853 -1.7945341217e+03
149 951 -2.1923936811e+03
150 150 1.1974993299e+04
150 22 -2.1456328471e+03
150 25 -2.0957239223e+03
150 99 -1.7006834814e+03
150 111 -2.1769251940e+03
150 152 -1.7158939550e+03
150 154 -2.1401338996e+03
151 151 1.1732336120e+04
151 20 -1.9215777613e+03
151 36 -2.0110317591e+03
151 109 -2.1768235233e+03
151 152 -1.7511331055e+03
151 189 -1.7352416330e+03
151 190 -2.1365283373e+03
152 152 1.1865933478e+04
152 25 -2.1867117931e+03
152 36 -2.1439602326e+03
152 109 -2.0063193892e+03
152 150 -1.7158939550e+03
152 151 -1.7511331055e+03
152 154 -2.0619150026e+03
153 153 1.1928615473e+04
153 21 -2.0791666911e+03
153 36 -2.0400644399e+03
153 101 -1.8056246361e+03
153 154 -2.1091514405e+03
153 194 -2.0558562249e+03
153 195 -1.8387520402e+03
154 154 1.1953802569e+04
154 22 -1.7606098043e+03
154 36 -1.7740860071e+03
154 101 -2.1079064147e+03
154 150 -2.1401338996e+03
154 152 -2.0619150026e+03
154 153 -2.1091514405e+03
155 155 1.1857696481e+04
155 24 -2.1272562701e+03
155 27 -2.0876546028e+03
155 106 -1.4885810795e+03
155 118 -2.3503837423e+03
155 157 -1.5264661231e+03
155 159 -2.2773546634e+03
156 156 1.1549709367e+04
156 19 -1.8387750723e+03
156 37 -1.8897616024e+03
156 116 -2.3250377736e+03
156 157 -1.5689579256e+03
156 196 -1.6996810696e+03
156 197 -2.2274959240e+03
157 157 1.1645128884e+04
157 27 -2.3478401569e+03
157 37 -2.2553157596e+03
157 116 -1.9623222457e+03
157 155 -1.5264661231e+03
157 156 -1.5689579256e+03
157 159 -1.9842266731e+03
158 158 1.1480554785e+04
158 20 -1.9129233955e+03
158 37 -1.9061940272e+03
158 108 -1.6309515649e+03
158 159 -2.2081911672e+03
158 201 -2.1636004700e+03
158 202 -1.6586941603e+03
159 159 1.1666401873e+04
159 24 -1.5820708287e+03
159 37 -1.5772539102e+03
159 108 -2.0373046302e+03
159 155 -2.2773546634e+03
159 157 -1.9842266731e+03
159 158 -2.2081911672e+03
160 160 1.1490739798e+04
160 26 -1.9012997159e+03
160 28 -1.8874054199e+03
160 113 -1.2246194417e+03
160 123 -2.7091761877e+03
160 162 -1.1357391292e+03
160 164 -2.6324999038e+03
161 161 8.4765178636e+03
161 38 -9.6371075838e+02
161 121 -1.9320922602e+03
161 130 -1.9477472059e+03
161 162 -1.3811607513e+03
161 174 -2.1330668860e+03
162 162 9.8752915862e+03
162 28 -2.7773270242e+03
162 38 -2.4556356326e+03
162 121 -6.6963262318e+02
162 160 -1.1357391292e+03
162 161 -1.3811607513e+03
162 164 -1.4557964258e+03
163 163 1.1676841012e+04
163 19 -1.7694110258e+03
163 38 -1.5096033850e+03
163 115 -1.6125362716e+03
163 164 -2.5432080094e+03
163 172 -2.4169599861e+03
163 173 -1.8251223341e+03
164 164 1.1270784527e+04
164 26 -1.3553429867e+03
164 38 -1.4954614581e+03
164 115 -1.7884757433e+03
164 160 -2.6324999038e+03
164 162 -1.4557964258e+03
164 163 -2.5432080094e+03
165 165 1.4111743422e+04
165 29 -2.7535221305e+03
165 32 -2.4998186936e+03
165 125 -1.9306524415e+03
165 137 -2.3745584423e+03
165 167 -2.0449919801e+03
165 169 -2.5081997337e+03
166 166 1.3748234666e+04
166 17 -2.4640532298e+03
166 39 -2.6645368192e+03
166 135 -2.1886285175e+03
166 167 -2.1093811165e+03
166 203 -2.0990011330e+03
166 204 -2.2226338505e+03
167 167 1.4279780489e+04
167 32 -2.3341368231e+03
167 39 -2.4443373596e+03
167 135 -2.4881781597e+03
167 165 -2.0449919801e+03
167 166 -2.1093811165e+03
167 169 -2.8587550505e+03
168 168 1.9331485068e+04
168 18 -5.3441888900e+03
168 39 -3.2612382432e+03
168 127 -2.5726790961e+03
168 169 -2.8496448179e+03
168 208 -2.6777504310e+03
168 209 -2.6259835895e+03
169 169 1.5933200645e+04
169 29 -2.1561744331e+03
169 39 -2.2968287313e+03
169 127 -3.2635978785e+03
169 165 -2.5081997337e+03
169 167 -2.8587550505e+03
169 168 -2.8496448179e+03
170 170 1.8197533000e+04
170 18 -4.9677299418e+03
170 40 -2.7297614356e+03
170 128 -2.2251334882e+03
170 171 -2.9777239531e+03
170 208 -2.9788042981e+03
170 210 -2.3183798835e+03
171 171 1.4065744633e+04
171 30 -1.6223423850e+03
171 40 -1.8171183666e+03
171 128 -2.9361862572e+03
171 170 -2.9777239531e+03
171 173 -2.2615392919e+03
171 174 -2.4508343790e+03
172 172 1.2199880474e+04
172 19 -1.7923029060e+03
172 40 -2.1111646149e+03
172 163 -2.4169599861e+03
172 173 -1.6988257385e+03
172 196 -1.7845730780e+03
172 212 -2.3960541501e+03
173 173 1.2225040721e+04
173 38 -2.4889016304e+03
173 40 -2.5631860395e+03
173 163 -1.8251223341e+03
173 171 -2.2615392919e+03
173 172 -1.6988257385e+03
173 174 -1.3874656863e+03
174 174 1.1066941649e+04
174 30 -2.3088452418e+03
174 38 -1.8737019382e+03
174 130 -9.1302751764e+02
174 161 -2.1330668860e+03
174 171 -2.4508343790e+03
174 173 -1.3874656863e+03
175 175 1.2638209346e+04
175 31 -2.2513185980e+03
175 34 -2.2116976257e+03
175 132 -2.0046976820e+03
175 143 -2.0730517752e+03
175 177 -2.0044254651e+03
175 179 -2.0930181996e+03
176 176 1.2518782077e+04
176 16 -2.2019425895e+03
176 41 -2.2174629021e+03
176 141 -2.0558218296e+03
176 177 -2.0023263100e+03
176 213 -1.9726883801e+03
176 214 -2.0685400658e+03
177 177 1.2592724033e+04
177 34 -2.0639756989e+03
177 41 -2.0801708277e+03
177 141 -2.2040873701e+03
177 175 -2.0044254651e+03
177 176 -2.0023263100e+03
177 179 -2.2377383612e+03
178 178 1.2861088431e+04
178 17 -2.3090263377e+03
178 41 -2.2347791837e+03
178 134 -2.0700846952e+03
178 179 -2.0929285567e+03
178 218 -2.0916603471e+03
178 219 -2.0626093111e+03
179 179 1.2764887320e+04
179 31 -2.0232095097e+03
179 41 -2.0253280142e+03
179 134 -2.2926646783e+03
179 175 -2.0930181996e+03
179 177 -2.2377383612e+03
179 178 -2.0929285567e+03
180 180 1.2285629896e+04
180 16 -2.2069580950e+03
180 140 -1.9365345464e+03
180 181 -2.0085440806e+03
180 223 -2.0328260851e+03
180 224 -1.9117172979e+03
180 450 -2.1890497914e+03
181 181 1.2240980317e+04
181 33 -1.9286762674e+03
181 140 -2.2104942923e+03
181 180 -2.0085440806e+03
181 450 -1.9024942912e+03
181 575 -1.9908372781e+03
181 577 -2.1999341074e+03
182 182 1.1921920455e+04
182 21 -2.0240994873e+03
182 42 -1.9743770630e+03
182 146 -1.8542412706e+03
182 183 -2.0953472960e+03
182 194 -2.0759699210e+03
182 229 -1.8978854174e+03
183 183 1.1884010760e+04
183 35 -1.8495891628e+03
183 42 -1.8894115819e+03
183 146 -1.9815194719e+03
183 182 -2.0953472960e+03
183 186 -1.9369101307e+03
183 188 -2.1312331164e+03
184 184 1.1865900971e+04
184 15 -1.8740682292e+03
184 42 -1.9234723965e+03
184 185 -2.1274294857e+03
184 186 -1.9071229110e+03
184 232 -1.9314503426e+03
184 233 -2.1023576060e+03
185 185 1.1768941210e+04
185 15 -1.8849937732e+03
185 43 -1.8609570728e+03
185 184 -2.1274294857e+03
185 186 -1.8961750854e+03
185 226 -1.8640582997e+03
185 227 -2.1353274928e+03
186 186 1.1841182684e+04
186 42 -2.1059209582e+03
186 43 -2.1331045368e+03
186 183 -1.9369101307e+03
186 184 -1.9071229110e+03
186 185 -1.8961750854e+03
186 188 -1.8619490621e+03
187 187 1.1799855569e+04
187 43 -1.8400318583e+03
187 148 -1.9226712773e+03
187 188 -2.1489353707e+03
187 225 -1.8957008191e+03
187 839 -1.8246061789e+03
187 1060 -2.1679100648e+03
188 188 1.1840206373e+04
188 35 -1.9499933937e+03
188 43 -1.9119236525e+03
188 148 -1.8361717775e+03
188 183 -2.1312331164e+03
188 186 -1.8619490621e+03
188 187 -2.1489353707e+03
189 189 1.1594381243e+04
189 20 -2.1725426008e+03
189 44 -2.1253005942e+03
189 151 -1.7352416330e+03
189 190 -1.9062746927e+03
189 201 -1.8535641045e+03
189 234 -1.8014576183e+03
190 190 1.1781060370e+04
190 36 -1.8060133266e+03
190 44 -1.8740785604e+03
190 151 -2.1365283373e+03
190 189 -1.9062746927e+03
190 193 -2.0817991713e+03
190 195 -1.9763662817e+03
191 191 1.2097786889e+04
191 14 -2.0701889749e+03
191 44 -2.0515310822e+03
191 192 -1.9903088479e+03
191 193 -1.9660152421e+03
191 237 -2.1278502802e+03
191 238 -1.8918924612e+03
192 192 1.2214499903e+04
192 14 -2.1294245955e+03
192 45 -1.9705607651e+03
192 191 -1.9903088479e+03
192 193 -2.0489838938e+03
192 230 -2.0300294654e+03
192 231 -2.0451923350e+03
193 193 1.1933633295e+04
193 44 -1.9227177296e+03
193 45 -2.0223901103e+03
193 190 -2.0817991713e+03
193 191 -1.9660152421e+03
193 192 -2.0489838938e+03
193 195 -1.8917271478e+03
194 194 1.1946101068e+04
194 21 -1.8490771557e+03
194 45 -1.9008283982e+03
194 153 -2.0558562249e+03
194 182 -2.0759699210e+03
194 195 -2.0449180029e+03
194 229 -2.0194513648e+03
195 195 1.1907238767e+04
195 36 -2.0912197858e+03
195 45 -2.0642555083e+03
195 153 -1.8387520402e+03
195 190 -1.9763662817e+03
195 193 -1.8917271478e+03
195 194 -2.0449180029e+03
196 196 1.1681746028e+04
196 19 -2.2984417609e+03
196 46 -2.2035240282e+03
196 156 -1.6996810696e+03
196 172 -1.7845730780e+03
196 197 -1.8037112935e+03
196 212 -1.8918147975e+03
197 197 1.1256215246e+04
197 37 -1.6611428870e+03
197 46 -1.6851034779e+03
197 156 -2.2274959240e+03
197 196 -1.8037112935e+03
197 200 -2.0695116068e+03
197 202 -1.8092500568e+03
198 198 9.6206477274e+03
198 13 -1.3313545082e+03
198 46 -1.9277826142e+03
198 199 -1.5480212517e+03
198 200 -1.5186907738e+03
198 206 -1.6469755549e+03
198 211 -1.6478230245e+03
199 199 9.4358996278e+03
199 13 -1.0697254844e+03
199 47 -1.5474403792e+03
199 198 -1.5480212517e+03
199 200 -1.8958096094e+03
199 235 -1.8398960193e+03
199 236 -1.5350068838e+03
200 200 1.0524545254e+04
200 46 -1.7240974806e+03
200 47 -1.6848159511e+03
200 197 -2.0695116068e+03
200 198 -1.5186907738e+03
200 199 -1.8958096094e+03
200 202 -1.6316198322e+03
201 201 1.1349896867e+04
201 20 -1.6873585497e+03
201 47 -1.7043862068e+03
201 158 -2.1636004700e+03
201 189 -1.8535641045e+03
201 202 -1.8312476310e+03
201 234 -2.1097399049e+03
202 202 1.1162236767e+04
202 37 -2.1603461224e+03
202 47 -2.0710789643e+03
202 158 -1.6586941603e+03
202 197 -1.8092500568e+03
202 200 -1.6316198322e+03
202 201 -1.8312476310e+03
203 203 1.3027489343e+04
203 17 -2.0991330811e+03
203 48 -2.0309661930e+03
203 166 -2.0990011330e+03
203 204 -2.4107237711e+03
203 218 -2.2978186739e+03
203 239 -2.0898464905e+03
204 204 1.3591938047e+04
204 39 -2.2139395989e+03
204 48 -2.0504088221e+03
204 166 -2.2226338505e+03
204 203 -2.4107237711e+03
204 207 -2.0380309928e+03
204 209 -2.6562010117e+03
205 205 1.0211950393e+04
205 13 -1.0584752449e+03
205 48 -1.7181497218e+03
205 206 -1.9680687653e+03
205 207 -1.8025507637e+03
205 242 -1.7549873388e+03
205 243 -1.9097185586e+03
206 206 1.0309479347e+04
206 13 -1.1302556082e+03
206 49 -1.7829090317e+03
206 198 -1.6469755549e+03
206 205 -1.9680687653e+03
206 207 -1.7358213326e+03
206 211 -2.0454490546e+03
207 207 1.2363730664e+04
207 48 -2.2595293235e+03
207 49 -2.4012087864e+03
207 204 -2.0380309928e+03
207 205 -1.8025507637e+03
207 206 -1.7358213326e+03
207 209 -2.1265894645e+03
208 208 1.8373262036e+04
208 18 -4.5293941375e+03
208 49 -2.4172717600e+03
208 168 -2.6777504310e+03
208 170 -2.9788042981e+03
208 209 -3.0962693751e+03
208 210 -2.6737720343e+03
209 209 1.5156285745e+04
209 39 -2.3959139408e+03
209 49 -2.2553283634e+03
209 168 -2.6259835895e+03
209 204 -2.6562010117e+03
209 207 -2.1265894645e+03
209 208 -3.0962693751e+03
210 210 1.4297682869e+04
210 40 -2.6126573719e+03
210 49 -2.5631228531e+03
210 170 -2.3183798835e+03
210 208 -2.6737720343e+03
210 211 -1.9515382463e+03
210 212 -2.1782124799e+03
211 211 1.1734490733e+04
211 46 -1.8156853480e+03
211 49 -2.0106112752e+03
211 198 -1.6478230245e+03
211 206 -2.0454490546e+03
211 210 -1.9515382463e+03
211 212 -2.2633837845e+03
212 212 1.2401701200e+04
212 40 -1.8860116589e+03
212 46 -1.7862243294e+03
212 172 -2.3960541501e+03
212 196 -1.8918147975e+03
212 210 -2.1782124799e+03
212 211 -2.2633837845e+03
213 213 1.2448032105e+04
213 16 -2.0385851073e+03
213 50 -2.0847592085e+03
213 176 -1.9726883801e+03
213 214 -2.1881153280e+03
213 223 -2.2024534968e+03
213 244 -1.9614305842e+03
214 214 1.2566925272e+04
214 41 -2.0288348213e+03
214 50 -1.9853407248e+03
214 176 -2.0685400658e+03
214 213 -2.1881153280e+03
214 217 -2.0892026105e+03
214 219 -2.2068917212e+03
215 215 1.2684979280e+04
215 12 -2.1943957599e+03
215 50 -2.1190960489e+03
215 216 -2.1605818543e+03
215 217 -2.0050218552e+03
215 247 -1.9985918527e+03
215 248 -2.2072919086e+03
216 216 1.2646562133e+04
216 12 -2.0366213298e+03
216 51 -2.0059613478e+03
216 215 -2.1605818543e+03
216 217 -2.0962609667e+03
216 240 -2.1744093780e+03
216 241 -2.1727272566e+03
217 217 1.2575560650e+04
217 50 -2.1794722674e+03
217 51 -2.1744346853e+03
217 214 -2.0892026105e+03
217 215 -2.0050218552e+03
217 216 -2.0962609667e+03
217 219 -2.0311682648e+03
218 218 1.2820658560e+04
218 17 -2.1245778563e+03
218 51 -2.0592318969e+03
218 178 -2.0916603471e+03
218 203 -2.2978186739e+03
218 219 -2.2135825551e+03
218 239 -2.0337872303e+03
219 219 1.2675560989e+04
219 41 -2.0804794894e+03
219 51 -2.0808296479e+03
219 178 -2.0626093111e+03
219 214 -2.2068917212e+03
219 217 -2.0311682648e+03
219 218 -2.2135825551e+03
220 220 1.1956397334e+04
220 11 -1.9863288509e+03
220 52 -1.9586711419e+03
220 221 -2.1646970365e+03
220 222 -1.8452533485e+03
220 249 -1.8521589492e+03
220 250 -2.1492880069e+03
221 221 1.2121148106e+04
221 11 -1.8608289488e+03
221 53 -1.8935113659e+03
221 220 -2.1646970365e+03
221 222 -2.0148677049e+03
221 245 -2.0248489294e+03
221 246 -2.1623941202e+03
222 222 1.2068988804e+04
222 52 -2.1548530211e+03
222 53 -2.1782871967e+03
222 220 -1.8452533485e+03
222 221 -2.0148677049e+03
222 224 -1.8854821108e+03
222 624 -1.9902454218e+03
223 223 1.2325055668e+04
223 16 -1.9355196909e+03
223 53 -1.9131176473e+03
223 180 -2.0328260851e+03
223 213 -2.2024534968e+03
223 224 -2.1896277694e+03
223 244 -2.0515109787e+03
224 224 1.2186066573e+04
224 53 -2.0213852897e+03
224 180 -1.9117172979e+03
224 222 -1.8854821108e+03
224 223 -2.1896277694e+03
224 450 -2.0046444990e+03
224 624 -2.1732096065e+03
225 225 1.1722748049e+04
225 43 -2.1474796462e+03
225 187 -1.8957008191e+03
225 227 -1.8367699858e+03
225 228 -1.8799295477e+03
225 880 -2.1449547956e+03
225 1060 -1.8179132543e+03
226 226 1.1691732295e+04
226 15 -2.1160467724e+03
226 54 -2.1060364356e+03
226 185 -1.8640582997e+03
226 227 -1.8494727183e+03
226 251 -1.8911349132e+03
226 252 -1.8649831562e+03
227 227 1.1680987709e+04
227 43 -1.8828517126e+03
227 54 -1.8520037874e+03
227 185 -2.1353274928e+03
227 225 -1.8367699858e+03
227 226 -1.8494727183e+03
227 228 -2.1245620120e+03
228 228 1.1619518605e+04
228 54 -1.8150805946e+03
228 225 -1.8799295477e+03
228 227 -2.1245620120e+03
228 880 -1.8217501919e+03
228 1062 -2.1290652190e+03
228 1104 -1.8491310395e+03
229 229 1.1978960676e+04
229 42 -2.0878761795e+03
229 45 -2.0435535385e+03
229 182 -1.8978854174e+03
229 194 -2.0194513648e+03
229 231 -1.9651881138e+03
229 233 -1.9650060617e+03
230 230 1.2486140112e+04
230 14 -2.1082405121e+03
230 55 -2.1040637971e+03
230 192 -2.0300294654e+03
230 231 -2.0446113849e+03
230 257 -2.2256449805e+03
230 258 -1.9735499714e+03
231 231 1.2121552552e+04
231 45 -2.0105381218e+03
231 55 -1.9657082354e+03
231 192 -2.0451923350e+03
231 229 -1.9651881138e+03
231 230 -2.0446113849e+03
231 233 -2.0903143614e+03
232 232 1.1994853653e+04
232 15 -2.1093598696e+03
232 55 -2.1354917843e+03
232 184 -1.9314503426e+03
232 233 -1.9287045246e+03
232 262 -1.8936354599e+03
232 263 -1.9962116718e+03
233 233 1.2008209720e+04
233 42 -1.9276638035e+03
233 55 -1.9941633625e+03
233 184 -2.1023576060e+03
233 229 -1.9650060617e+03
233 231 -2.0903143614e+03
233 232 -1.9287045246e+03
234 234 1.1331890077e+04
234 44 -1.8619775227e+03
234 47 -1.7439509861e+03
234 189 -1.8014576183e+03
234 201 -2.1097399049e+03
234 236 -1.7399266927e+03
234 238 -2.0748373527e+03
235 235 9.8522162996e+03
235 13 -1.0179451983e+03
235 56 -1.6092558916e+03
235 199 -1.8398960193e+03
235 236 -1.6769171870e+03
235 264 -1.7979145589e+03
235 265 -1.9102874445e+03
236 236 1.0736016541e+04
236 47 -2.0130799434e+03
236 56 -2.0142891601e+03
236 199 -1.5350068838e+03
236 234 -1.7399266927e+03
236 235 -1.6769171870e+03
236 238 -1.7567966740e+03
237 237 1.2394186971e+04
237 14 -1.9955452497e+03
237 56 -1.8795586945e+03
237 191 -2.1278502802e+03
237 238 -2.1192898326e+03
237 269 -2.1110412055e+03
237 270 -2.1609017087e+03
238 238 1.1660455884e+04
238 44 -1.8895823232e+03
238 56 -1.9280572404e+03
238 191 -1.8918924612e+03
238 234 -2.0748373527e+03
238 236 -1.7567966740e+03
238 237 -2.1192898326e+03
239 239 1.2424173990e+04
239 48 -2.1591385331e+03
239 51 -2.1932992269e+03
239 203 -2.0898464905e+03
239 218 -2.0337872303e+03
239 241 -2.0367187206e+03
239 243 -1.9113837890e+03
240 240 1.2859635790e+04
240 12 -2.2050660161e+03
240 57 -2.1155910793e+03
240 216 -2.1744093780e+03
240 241 -1.9986899657e+03
240 271 -2.1179216911e+03
240 272 -2.2479576595e+03
241 241 1.2318659889e+04
241 51 -2.0638646556e+03
241 57 -1.9940191920e+03
241 216 -2.1727272566e+03
241 239 -2.0367187206e+03
241 240 -1.9986899657e+03
241 243 -2.0526400984e+03
242 242 1.0095846665e+04
242 13 -1.2613548277e+03
242 57 -1.8543492828e+03
242 205 -1.7549873388e+03
242 243 -1.6963457124e+03
242 264 -1.6948234510e+03
242 275 -1.8339860526e+03
243 243 1.1463739409e+04
243 48 -1.9500895460e+03
243 57 -1.9435617045e+03
243 205 -1.9097185586e+03
243 239 -1.9113837890e+03
243 241 -2.0526400984e+03
243 242 -1.6963457124e+03
244 244 1.2412512496e+04
244 50 -2.2001319287e+03
244 53 -2.1809023309e+03
244 213 -1.9614305842e+03
244 223 -2.0515109787e+03
244 246 -1.9273197688e+03
244 248 -2.0912169046e+03
245 245 1.2251297850e+04
245 11 -2.1434607534e+03
245 58 -2.2075743121e+03
245 221 -2.0248489294e+03
245 246 -1.9097519130e+03
245 276 -1.8639711393e+03
245 277 -2.1016908025e+03
246 246 1.2344969330e+04
246 53 -2.0487239807e+03
246 58 -2.0975425885e+03
246 221 -2.1623941202e+03
246 244 -1.9273197688e+03
246 245 -1.9097519130e+03
246 248 -2.1992369586e+03
247 247 1.2854062946e+04
247 12 -2.2555077723e+03
247 58 -2.2100742763e+03
247 215 -1.9985918527e+03
247 248 -2.1484193598e+03
247 281 -2.2572225140e+03
247 282 -1.9842471705e+03
248 248 1.2559536669e+04
248 50 -1.9704441455e+03
248 58 -1.9429273914e+03
248 215 -2.2072919086e+03
248 244 -2.0912169046e+03
248 246 -2.1992369586e+03
248 247 -2.1484193598e+03
249 249 1.1839222530e+04
249 11 -2.1302113857e+03
249 59 -2.1074285972e+03
249 220 -1.8521589492e+03
249 250 -1.9261522570e+03
249 287 -1.9684212912e+03
249 288 -1.8548500498e+03
250 250 1.1820031968e+04
250 52 -1.8617843472e+03
250 59 -1.8263600646e+03
250 220 -2.1492880069e+03
250 249 -1.9261522570e+03
250 678 -1.9286872363e+03
250 680 -2.1277600562e+03
251 251 1.1687998094e+04
251 15 -1.8899017112e+03
251 60 -1.8569710484e+03
251 226 -1.8911349132e+03
251 252 -2.0711372461e+03
251 262 -2.0988404550e+03
251 291 -1.8800127203e+03
252 252 1.1569926180e+04
252 54 -1.8608575182e+03
252 60 -1.8449641341e+03
252 226 -1.8649831562e+03
252 251 -2.0711372461e+03
252 255 -1.8680752399e+03
252 256 -2.0599088852e+03
253 253 1.1237506170e+04
253 10 -1.8742835565e+03
253 60 -1.9004757707e+03
253 254 -1.9142516559e+03
253 255 -1.8109655080e+03
253 294 -1.7643253688e+03
253 295 -1.9732043099e+03
254 254 1.1195082855e+04
254 10 -1.7840823329e+03
254 61 -1.8407549262e+03
254 253 -1.9142516559e+03
254 255 -1.8588254857e+03
254 289 -1.8784804673e+03
254 290 -1.9186879866e+03
255 255 1.1388273466e+04
255 60 -2.0262300572e+03
255 61 -1.9934944923e+03
255 252 -1.8680752399e+03
255 253 -1.8109655080e+03
255 254 -1.8588254857e+03
255 256 -1.8306826833e+03
256 256 1.1473725262e+04
256 54 -1.8680467054e+03
256 61 -1.8287473384e+03
256 252 -2.0599088852e+03
256 255 -1.8306826833e+03
256 1104 -1.8434998280e+03
256 1141 -2.0428398218e+03
257 257 1.3026956178e+04
257 14 -2.0499395571e+03
257 62 -2.0806825907e+03
257 230 -2.2256449805e+03
257 258 -2.2298018406e+03
257 269 -2.1304427371e+03
257 296 -2.3104444722e+03
258 258 1.2656984744e+04
258 55 -2.0762626971e+03
258 62 -2.1956464332e+03
258 230 -1.9735499714e+03
258 257 -2.2298018406e+03
258 261 -2.0013537723e+03
258 263 -2.1803700298e+03
259 259 1.2985117391e+04
259 9 -1.9957557856e+03
259 62 -2.1050870544e+03
259 260 -2.2133041747e+03
259 261 -2.1991999494e+03
259 299 -2.2068555180e+03
259 300 -2.2649149091e+03
260 260 1.2255669399e+04
260 9 -2.0165446760e+03
260 63 -2.0190631853e+03
260 259 -2.2133041747e+03
260 261 -1.9395492643e+03
260 292 -1.9063310659e+03
260 293 -2.1608770325e+03
261 261 1.2604219836e+04
261 62 -2.2462301550e+03
261 63 -2.1538799008e+03
261 258 -2.0013537723e+03
261 259 -2.1991999494e+03
261 260 -1.9395492643e+03
261 263 -2.0640067939e+03
262 262 1.1905273979e+04
262 15 -1.9371015214e+03
262 63 -1.9574233211e+03
262 232 -1.8936354599e+03
262 251 -2.0988404550e+03
262 263 -2.1284280827e+03
262 291 -1.8898451390e+03
263 263 1.2225106969e+04
263 55 -1.9514161062e+03
263 63 -1.9046742846e+03
263 232 -1.9962116718e+03
263 258 -2.1803700298e+03
263 261 -2.0640067939e+03
263 262 -2.1284280827e+03
264 264 1.0340337265e+04
264 13 -1.2402506541e+03
264 64 -1.9626678665e+03
264 235 -1.7979145589e+03
264 242 -1.6948234510e+03
264 265 -1.7298884459e+03
264 275 -1.9147922889e+03
265 265 1.2141734559e+04
265 56 -2.0551851460e+03
265 64 -2.2275258352e+03
265 235 -1.9102874445e+03
265 264 -1.7298884459e+03
265 268 -2.2616673543e+03
265 270 -1.9571803329e+03
266 266 1.9354667395e+04
266 8 -5.0414212650e+03
266 64 -2.6644042567e+03
266 267 -2.8801027711e+03
266 268 -2.9154829976e+03
266 273 -2.9978963048e+03
266 274 -2.8553597999e+03
267 267 1.9916418620e+04
267 8 -5.2818190551e+03
267 65 -3.0147059967e+03
267 266 -2.8801027711e+03
267 268 -2.8188562384e+03
267 297 -2.9379133485e+03
267 298 -2.9830212105e+03
268 268 1.5176953903e+04
268 64 -2.2845322560e+03
268 65 -2.4361958460e+03
268 265 -2.2616673543e+03
268 266 -2.9154829976e+03
268 267 -2.8188562384e+03
268 270 -2.4602192103e+03
269 269 1.3298372963e+04
269 14 -2.2504095801e+03
269 65 -2.4191886836e+03
269 237 -2.1110412055e+03
269 257 -2.1304427371e+03
269 270 -2.1425788848e+03
269 296 -2.2447118718e+03
270 270 1.3174651325e+04
270 56 -2.1269961878e+03
270 65 -2.3267750002e+03
270 237 -2.1609017087e+03
270 265 -1.9571803329e+03
270 268 -2.4602192103e+03
270 269 -2.1425788848e+03
271 271 1.3724708201e+04
271 12 -2.2802725214e+03
271 66 -2.4865080105e+03
271 240 -2.1179216911e+03
271 272 -2.3228151081e+03
271 281 -2.2965598674e+03
271 301 -2.2206310020e+03
272 272 1.3533881921e+04
272 57 -2.0730498485e+03
272 66 -2.2872956603e+03
272 240 -2.2479576595e+03
272 271 -2.3228151081e+03
272 274 -2.4265154296e+03
272 275 -2.1762482153e+03
273 273 2.0070110944e+04
273 8 -5.2592207547e+03
273 66 -3.0339587778e+03
273 266 -2.9978963048e+03
273 274 -2.8374271925e+03
273 304 -2.8437754957e+03
273 305 -3.0978324185e+03
274 274 1.5376844295e+04
274 64 -2.4317701741e+03
274 66 -2.5987045365e+03
274 266 -2.8553597999e+03
274 272 -2.4265154296e+03
274 273 -2.8374271925e+03
274 275 -2.2270671621e+03
275 275 1.2325075893e+04
275 57 -2.0251686350e+03
275 64 -2.1478135387e+03
275 242 -1.8339860526e+03
275 264 -1.9147922889e+03
275 272 -2.1762482153e+03
275 274 -2.2270671621e+03
276 276 1.2086022307e+04
276 11 -2.0091178474e+03
276 67 -2.0242832912e+03
276 245 -1.8639711393e+03
276 277 -2.1796826161e+03
276 287 -2.1149361373e+03
276 306 -1.8940312762e+03
277 277 1.2461856911e+04
277 58 -1.9323309918e+03
277 67 -1.8967081629e+03
277 245 -2.1016908025e+03
277 276 -2.1796826161e+03
277 280 -2.1349959647e+03
277 282 -2.2164483727e+03
278 278 1.2372997770e+04
278 7 -2.0639244879e+03
278 67 -2.0417723406e+03
278 279 -2.2855073413e+03
278 280 -1.9022762998e+03
278 309 -1.9203590150e+03
278 310 -2.1591582853e+03
279 279 1.3120772764e+04
279 7 -1.9971502726e+03
279 68 -2.0817133658e+03
279 278 -2.2855073413e+03
279 280 -2.2221056780e+03
279 302 -2.2382482235e+03
279 303 -2.2960478825e+03
280 280 1.2765160016e+04
280 67 -2.2141952121e+03
280 68 -2.3082435297e+03
280 277 -2.1349959647e+03
280 278 -1.9022762998e+03
280 279 -2.2221056780e+03
280 282 -1.9833433311e+03
281 281 1.3358297861e+04
281 12 -2.0380461716e+03
281 68 -2.0667506917e+03
281 247 -2.2572225140e+03
281 271 -2.2965598674e+03
281 282 -2.3086189685e+03
281 301 -2.3910996477e+03
282 282 1.2910808240e+04
282 58 -2.1723550305e+03
282 68 -2.2457953667e+03
282 247 -1.9842471705e+03
282 277 -2.2164483727e+03
282 280 -1.9833433311e+03
282 281 -2.3086189685e+03
283 283 1.1489644628e+04
283 59 -1.8263021239e+03
283 69 -1.7968308705e+03
283 286 -1.8960192771e+03
283 288 -2.0429057543e+03
283 679 -1.8978536554e+03
283 711 -2.0297329465e+03
284 284 1.1216430228e+04
284 6 -1.8142960430e+03
284 69 -1.8802675664e+03
284 285 -1.9162002570e+03
284 286 -1.8090119499e+03
284 311 -1.8813603105e+03
284 312 -1.9152941015e+03
285 285 1.1250120512e+04
285 6 -1.8397141334e+03
285 70 -1.8746547181e+03
285 284 -1.9162002570e+03
285 286 -1.8745879395e+03
285 307 -1.7927811552e+03
285 308 -1.9521823085e+03
286 286 1.1416847334e+04
286 69 -1.9770303601e+03
286 70 -2.0304396788e+03
286 283 -1.8960192771e+03
286 284 -1.8090119499e+03
286 285 -1.8745879395e+03
286 288 -1.8297581282e+03
287 287 1.1820404207e+04
287 11 -1.8685451898e+03
287 70 -1.8373155508e+03
287 249 -1.9684212912e+03
287 276 -2.1149361373e+03
287 288 -2.0865798813e+03
287 306 -1.9446061567e+03
288 288 1.1652341814e+04
288 59 -1.9342162846e+03
288 70 -1.9040317162e+03
288 249 -1.8548500498e+03
288 283 -2.0429057543e+03
288 286 -1.8297581282e+03
288 287 -2.0865798813e+03
289 289 1.1005671248e+04
289 10 -1.8204618125e+03
289 71 -1.8335563677e+03
289 254 -1.8784804673e+03
289 290 -1.8326043282e+03
289 313 -1.7729670272e+03
289 314 -1.8676012447e+03
290 290 1.1190186549e+04
290 61 -1.8709450369e+03
290 71 -1.8304336409e+03
290 254 -1.9186879866e+03
290 289 -1.8326043282e+03
290 1172 -1.8284543975e+03
290 1174 -1.9090611590e+03
291 291 1.1715498259e+04
291 60 -2.0260336831e+03
291 63 -2.1210259488e+03
291 251 -1.8800127203e+03
291 262 -1.8898451390e+03
291 293 -1.8968215046e+03
291 295 -1.9017592631e+03
292 292 1.1719177428e+04
292 9 -2.1421483700e+03
292 72 -1.9870961747e+03
292 260 -1.9063310659e+03
292 293 -1.8533874004e+03
292 320 -1.9223699611e+03
292 321 -1.9078444562e+03
293 293 1.1734571384e+04
293 63 -1.9209778940e+03
293 72 -1.8725471880e+03
293 260 -2.1608770325e+03
293 291 -1.8968215046e+03
293 292 -1.8533874004e+03
293 295 -2.0299603640e+03
294 294 1.1040195244e+04
294 10 -1.8622793194e+03
294 72 -1.9429731217e+03
294 253 -1.7643253688e+03
294 295 -1.8551573689e+03
294 325 -1.8717584209e+03
294 326 -1.7437016443e+03
295 295 1.1403263979e+04
295 60 -1.8449789018e+03
295 72 -1.7982037715e+03
295 253 -1.9732043099e+03
295 291 -1.9017592631e+03
295 293 -2.0299603640e+03
295 294 -1.8551573689e+03
296 296 1.4084581465e+04
296 62 -2.2455600799e+03
296 65 -2.4399601801e+03
296 257 -2.3104444722e+03
296 269 -2.2447118718e+03
296 298 -2.6081686360e+03
296 300 -2.2357362255e+03
297 297 2.0348002989e+04
297 8 -5.2436700841e+03
297 73 -3.0156111344e+03
297 267 -2.9379133485e+03
297 298 -3.1072658414e+03
297 304 -3.0389733737e+03
297 327 -3.0045692072e+03
298 298 1.6299936814e+04
298 65 -2.5009342537e+03
298 73 -2.5472763764e+03
298 267 -2.9830212105e+03
298 296 -2.6081686360e+03
298 297 -3.1072658414e+03
298 300 -2.5532704965e+03
299 299 1.3493645728e+04
299 9 -2.1795468305e+03
299 73 -2.4500005340e+03
299 259 -2.2068555180e+03
299 300 -2.2439952865e+03
299 330 -2.0983620976e+03
299 331 -2.3148854611e+03
300 300 1.4179817539e+04
300 62 -2.3706322838e+03
300 73 -2.5112683375e+03
300 259 -2.2649149091e+03
300 296 -2.2357362255e+03
300 298 -2.5532704965e+03
300 299 -2.2439952865e+03
301 301 1.4399086384e+04
301 66 -2.5739826160e+03
301 68 -2.3521906694e+03
301 271 -2.2206310020e+03
301 281 -2.3910996477e+03
301 303 -2.2067401390e+03
301 305 -2.6544423095e+03
302 302 1.3602039798e+04
302 7 -2.2519580254e+03
302 74 -2.5006623158e+03
302 279 -2.2382482235e+03
302 303 -2.2196190111e+03
302 328 -2.0407121639e+03
302 329 -2.3508400580e+03
303 303 1.4384834363e+04
303 68 -2.3794002560e+03
303 74 -2.5992970274e+03
303 279 -2.2960478825e+03
303 301 -2.2067401390e+03
303 302 -2.2196190111e+03
303 305 -2.6837300468e+03
304 304 2.0468911394e+04
304 8 -5.3530413823e+03
304 74 -3.1047337376e+03
304 273 -2.8437754957e+03
304 297 -3.0389733737e+03
304 305 -3.1365103824e+03
304 327 -2.9918770223e+03
305 305 1.6547252388e+04
305 66 -2.4603899522e+03
305 74 -2.5143472791e+03
305 273 -3.0978324185e+03
305 301 -2.6544423095e+03
305 303 -2.6837300468e+03
305 304 -3.1365103824e+03
306 306 1.1809209548e+04
306 67 -2.1257537077e+03
306 70 -2.0236620708e+03
306 276 -1.8940312762e+03
306 287 -1.9446061567e+03
306 308 -1.8721362218e+03
306 310 -1.9490201149e+03
307 307 1.1033901405e+04
307 6 -1.8525950498e+03
307 75 -1.9247286339e+03
307 285 -1.7927811552e+03
307 308 -1.8464140481e+03
307 332 -1.8457166540e+03
307 333 -1.7716658644e+03
308 308 1.1438614386e+04
308 70 -1.8877537297e+03
308 75 -1.8550516584e+03
308 285 -1.9521823085e+03
308 306 -1.8721362218e+03
308 307 -1.8464140481e+03
308 310 -2.0250764191e+03
309 309 1.1769665458e+04
309 7 -2.1530227114e+03
309 75 -1.9829885305e+03
309 278 -1.9203590150e+03
309 310 -1.8792821144e+03
309 337 -1.9401871111e+03
309 338 -1.8938259755e+03
310 310 1.1799773681e+04
310 67 -1.9142404133e+03
310 75 -1.8729963343e+03
310 278 -2.1591582853e+03
310 306 -1.9490201149e+03
310 308 -2.0250764191e+03
310 309 -1.8792821144e+03
311 311 1.1051382113e+04
311 6 -1.8146317379e+03
311 76 -1.8317368057e+03
311 284 -1.8813603105e+03
311 312 -1.8350825607e+03
311 343 -1.8061254163e+03
311 344 -1.8824452815e+03
312 312 1.1220949641e+04
312 69 -1.8775261398e+03
312 76 -1.8335638541e+03
312 284 -1.9152941015e+03
312 311 -1.8350825607e+03
312 751 -1.8625576835e+03
312 753 -1.8969253013e+03
313 313 1.0834334243e+04
313 10 -1.9015043078e+03
313 77 -1.8866460762e+03
313 289 -1.7729670272e+03
313 314 -1.7238158979e+03
313 325 -1.7707505220e+03
313 350 -1.7786504117e+03
314 314 1.0881635628e+04
314 71 -1.8434506155e+03
314 77 -1.8478800060e+03
314 289 -1.8676012447e+03
314 313 -1.7238158979e+03
314 317 -1.8434392780e+03
314 319 -1.7554485855e+03
315 315 1.0979733517e+04
315 5 -1.9412222203e+03
315 77 -1.8742661219e+03
315 316 -1.6600159429e+03
315 317 -1.8889225356e+03
315 353 -1.9521892216e+03
315 354 -1.6631174752e+03
316 316 1.0861910964e+04
316 5 -1.9670274332e+03
316 78 -1.8675183989e+03
316 315 -1.6600159429e+03
316 317 -1.8239502227e+03
316 346 -1.8602245696e+03
316 347 -1.6831743968e+03
317 317 1.0805168989e+04
317 77 -1.6916056244e+03
317 78 -1.7077099944e+03
317 314 -1.8434392780e+03
317 315 -1.8889225356e+03
317 316 -1.8239502227e+03
317 319 -1.8495413337e+03
318 318 1.0639693518e+04
318 78 -1.8252189434e+03
318 319 -1.7412303259e+03
318 345 -1.7158313937e+03
318 825 -1.8267710775e+03
318 1173 -1.7708936651e+03
318 1194 -1.7597481124e+03
319 319 1.0828971841e+04
319 71 -1.8423330384e+03
319 78 -1.7852434815e+03
319 314 -1.7554485855e+03
319 317 -1.8495413337e+03
319 318 -1.7412303259e+03
319 1173 -1.8551750754e+03
320 320 1.1619930028e+04
320 9 -2.0027662399e+03
320 79 -1.8485638527e+03
320 292 -1.9223699611e+03
320 321 -1.9078260746e+03
320 330 -2.0845188358e+03
320 355 -1.8538850638e+03
321 321 1.0938567743e+04
321 72 -1.7833501658e+03
321 79 -1.6972334355e+03
321 292 -1.9078444562e+03
321 320 -1.9078260746e+03
321 324 -1.7828322586e+03
321 326 -1.8594813526e+03
322 322 8.6556550382e+03
322 4 -1.0949394491e+03
322 79 -1.5847427178e+03
322 323 -1.5166723705e+03
322 324 -1.4297637039e+03
322 335 -1.4469730535e+03
322 357 -1.5825637434e+03
323 323 8.6633436157e+03
323 4 -9.2898237658e+02
323 80 -1.4523936672e+03
323 322 -1.5166723705e+03
323 324 -1.6274847676e+03
323 351 -1.6576743427e+03
323 352 -1.4801360910e+03
324 324 9.8644803730e+03
324 79 -1.7374277509e+03
324 80 -1.6617537618e+03
324 321 -1.7828322586e+03
324 322 -1.4297637039e+03
324 323 -1.6274847676e+03
324 326 -1.6252181302e+03
325 325 1.0728094201e+04
325 10 -1.7393147667e+03
325 80 -1.6877978315e+03
325 294 -1.8717584209e+03
325 313 -1.7707505220e+03
325 326 -1.7900021720e+03
325 350 -1.8684704876e+03
326 326 1.0691102123e+04
326 72 -1.8603367645e+03
326 80 -1.8123620594e+03
326 294 -1.7437016443e+03
326 321 -1.8594813526e+03
326 324 -1.6252181302e+03
326 325 -1.7900021720e+03
327 327 1.6445019040e+04
327 73 -2.6460190187e+03
327 74 -2.6863567638e+03
327 297 -3.0045692072e+03
327 304 -2.9918770223e+03
327 329 -2.5833392152e+03
327 331 -2.5328578126e+03
328 328 1.2639813654e+04
328 7 -2.0764520920e+03
328 81 -2.1390535333e+03
328 302 -2.0407121639e+03
328 329 -2.2202244804e+03
328 337 -2.1019188591e+03
328 356 -2.0614525256e+03
329 329 1.4071084803e+04
329 74 -2.3861658061e+03
329 81 -2.1622993927e+03
329 302 -2.3508400580e+03
329 327 -2.5833392152e+03
329 328 -2.2202244804e+03
329 331 -2.3682158506e+03
330 330 1.2564642785e+04
330 9 -2.0740078945e+03
330 81 -2.1069858321e+03
330 299 -2.0983620976e+03
330 320 -2.0845188358e+03
330 331 -2.1968226413e+03
330 355 -2.0039454834e+03
331 331 1.4029119148e+04
331 73 -2.4369696730e+03
331 81 -2.1793677091e+03
331 299 -2.3148854611e+03
331 327 -2.5328578126e+03
331 329 -2.3682158506e+03
331 330 -2.1968226413e+03
332 332 1.0701298483e+04
332 6 -1.7803112246e+03
332 82 -1.6894562726e+03
332 307 -1.8457166540e+03
332 333 -1.7525183730e+03
332 343 -1.7600401735e+03
332 358 -1.8732557848e+03
333 333 1.0646602287e+04
333 75 -1.8492656179e+03
333 82 -1.7848316039e+03
333 307 -1.7716658644e+03
333 332 -1.7525183730e+03
333 336 -1.6374162226e+03
333 338 -1.8509046052e+03
334 334 8.6600541155e+03
334 4 -9.3274764098e+02
334 82 -1.4548355321e+03
334 335 -1.5209305912e+03
334 336 -1.6223819324e+03
334 361 -1.6558653472e+03
334 362 -1.4732930717e+03
335 335 8.6464592736e+03
335 4 -1.0938403036e+03
335 83 -1.5687859529e+03
335 322 -1.4469730535e+03
335 334 -1.5209305912e+03
335 336 -1.4344262320e+03
335 357 -1.5815031404e+03
336 336 9.8487140763e+03
336 82 -1.6699836722e+03
336 83 -1.7267687116e+03
336 333 -1.6374162226e+03
336 334 -1.6223819324e+03
336 335 -1.4344262320e+03
336 338 -1.7577373055e+03
337 337 1.1692943510e+04
337 7 -1.9648480309e+03
337 83 -1.8579080049e+03
337 309 -1.9401871111e+03
337 328 -2.1019188591e+03
337 338 -1.9481699001e+03
337 356 -1.8799116039e+03
338 338 1.0952321089e+04
338 75 -1.7768839931e+03
338 83 -1.7247993093e+03
338 309 -1.8938259755e+03
338 333 -1.8509046052e+03
338 336 -1.7577373055e+03
338 337 -1.9481699001e+03
339 339 1.0800173189e+04
339 76 -1.8427821779e+03
339 342 -1.8359270558e+03
339 344 -1.7484238949e+03
339 496 -1.7960284606e+03
339 752 -1.8597959872e+03
339 776 -1.7172156124e+03
340 340 1.0779734103e+04
340 3 -1.9052126362e+03
340 341 -1.6792428266e+03
340 342 -1.8253453297e+03
340 363 -1.8623884101e+03
340 496 -1.8264787439e+03
340 805 -1.6810661563e+03
341 341 1.0938877748e+04
341 3 -1.9619280285e+03
341 84 -1.8731341349e+03
341 340 -1.6792428266e+03
341 342 -1.8476703373e+03
341 359 -1.8860566047e+03
341 360 -1.6908458163e+03
342 342 1.0772025238e+04
342 84 -1.7198812057e+03
342 339 -1.8359270558e+03
342 340 -1.8253453297e+03
342 341 -1.8476703373e+03
342 344 -1.8499238842e+03
342 496 -1.6932774251e+03
343 343 1.0861958589e+04
343 6 -1.9021101319e+03
343 84 -1.8780401079e+03
343 311 -1.8061254163e+03
343 332 -1.7600401735e+03
343 344 -1.7438839354e+03
343 358 -1.7717588243e+03
344 344 1.0906149526e+04
344 76 -1.8495416880e+03
344 84 -1.8319308421e+03
344 311 -1.8824452815e+03
344 339 -1.7484238949e+03
344 342 -1.8499238842e+03
344 343 -1.7438839354e+03
345 345 1.0188874618e+04
345 78 -1.6787963736e+03
345 318 -1.7158313937e+03
345 347 -1.8072007448e+03
345 349 -1.6083110374e+03
345 911 -1.6105333028e+03
345 1194 -1.7682017661e+03
346 346 1.0859499295e+04
346 5 -1.7318783530e+03
346 85 -1.6562345977e+03
346 316 -1.8602245696e+03
346 347 -1.8535573732e+03
346 364 -1.9797514574e+03
346 365 -1.7778529437e+03
347 347 1.0319191171e+04
347 78 -1.7519582185e+03
347 85 -1.6623322006e+03
347 316 -1.6831743968e+03
347 345 -1.8072007448e+03
347 346 -1.8535573732e+03
347 349 -1.5609682374e+03
348 348 8.2028778072e+03
348 85 -1.4160350593e+03
348 349 -1.4216144381e+03
348 369 -1.4254106743e+03
348 370 -1.5186757364e+03
348 822 -9.3970288603e+02
348 1196 -1.4814390131e+03
349 349 9.3533603976e+03
349 85 -1.6766857786e+03
349 345 -1.6083110374e+03
349 347 -1.5609682374e+03
349 348 -1.4216144381e+03
349 911 -1.6593762506e+03
349 1196 -1.4264046555e+03
350 350 1.0536608618e+04
350 77 -1.6948783723e+03
350 80 -1.6529494946e+03
350 313 -1.7786504117e+03
350 325 -1.8684704876e+03
350 352 -1.6517085959e+03
350 354 -1.8899512560e+03
351 351 8.9849851428e+03
351 4 -9.8934464826e+02
351 86 -1.4970299570e+03
351 323 -1.6576743427e+03
351 352 -1.4993707131e+03
351 371 -1.5327008223e+03
351 372 -1.8088646594e+03
352 352 9.9013715561e+03
352 80 -1.7943122493e+03
352 86 -1.8612617583e+03
352 323 -1.4801360910e+03
352 350 -1.6517085959e+03
352 351 -1.4993707131e+03
352 354 -1.6145821484e+03
353 353 1.1290561143e+04
353 5 -1.7109775701e+03
353 86 -1.6832083348e+03
353 315 -1.9521892216e+03
353 354 -1.9850833729e+03
353 376 -2.0266448129e+03
353 377 -1.9324578311e+03
354 354 1.0713678913e+04
354 77 -1.7971622676e+03
354 86 -1.7637823933e+03
354 315 -1.6631174752e+03
354 350 -1.8899512560e+03
354 352 -1.6145821484e+03
354 353 -1.9850833729e+03
355 355 1.1499091816e+04
355 79 -1.8476709086e+03
355 81 -2.0528595523e+03
355 320 -1.8538850638e+03
355 330 -2.0039454834e+03
355 356 -1.9075490503e+03
355 357 -1.8331817573e+03
356 356 1.1561567311e+04
356 81 -2.0626817783e+03
356 83 -1.8568404804e+03
356 328 -2.0614525256e+03
356 337 -1.8799116039e+03
356 355 -1.9075490503e+03
356 357 -1.7931318722e+03
357 357 1.0124688631e+04
357 79 -1.6694723607e+03
357 83 -1.6648357566e+03
357 322 -1.5825637434e+03
357 335 -1.5815031404e+03
357 355 -1.8331817573e+03
357 356 -1.7931318722e+03
358 358 1.0523465388e+04
358 82 -1.6347316242e+03
358 84 -1.6902413974e+03
358 332 -1.8732557848e+03
358 343 -1.7717588243e+03
358 360 -1.9027504921e+03
358 362 -1.6507272652e+03
359 359 1.1322286448e+04
359 3 -1.7469357499e+03
359 87 -1.7063860086e+03
359 341 -1.8860566047e+03
359 360 -1.9219468830e+03
359 378 -2.0768123289e+03
359 379 -1.9841488727e+03
360 360 1.0676489380e+04
360 84 -1.8044200409e+03
360 87 -1.7519942752e+03
360 341 -1.6908458163e+03
360 358 -1.9027504921e+03
360 359 -1.9219468830e+03
360 362 -1.6045318728e+03
361 361 8.9752599138e+03
361 4 -9.8125695015e+02
361 87 -1.4950645676e+03
361 334 -1.6558653472e+03
361 362 -1.5033771610e+03
361 371 -1.5460947555e+03
361 382 -1.7936011324e+03
362 362 9.8831822275e+03
362 82 -1.7971003902e+03
362 87 -1.8541524665e+03
362 334 -1.4732930717e+03
362 358 -1.6507272652e+03
362 360 -1.6045318728e+03
362 361 -1.5033771610e+03
363 363 1.0787919279e+04
363 3 -1.7440074187e+03
363 340 -1.8623884101e+03
363 385 -1.9238857732e+03
363 386 -1.8120383326e+03
363 503 -1.6274751518e+03
363 805 -1.8181241925e+03
364 364 1.1642888716e+04
364 5 -1.9535436801e+03
364 88 -2.0345830504e+03
364 346 -1.9797514574e+03
364 365 -1.8398346984e+03
364 376 -1.8312425120e+03
364 391 -2.0039333177e+03
365 365 1.0922411283e+04
365 85 -1.7879336711e+03
365 88 -1.9707458623e+03
365 346 -1.7778529437e+03
365 364 -1.8398346984e+03
365 368 -1.8649619508e+03
365 370 -1.6810821566e+03
366 366 1.2574687346e+04
366 2 -2.1806914644e+03
366 88 -2.0684316503e+03
366 367 -2.0944728773e+03
366 368 -2.0373156091e+03
366 394 -2.0914916115e+03
366 395 -2.1022841338e+03
367 367 1.1848724165e+04
367 2 -2.0007016717e+03
367 89 -1.8316154161e+03
367 366 -2.0944728773e+03
367 368 -1.8736394450e+03
367 388 -2.1218602278e+03
367 389 -1.9264345272e+03
368 368 1.1230892550e+04
368 88 -1.9397200324e+03
368 89 -1.7695153706e+03
368 365 -1.8649619508e+03
368 366 -2.0373156091e+03
368 367 -1.8736394450e+03
368 370 -1.7457401417e+03
369 369 8.2464345838e+03
369 89 -1.5093131429e+03
369 348 -1.4254106743e+03
369 370 -1.4517285535e+03
369 387 -1.4387403231e+03
369 822 -9.9961913776e+02
369 1215 -1.4216227522e+03
370 370 9.6909727908e+03
370 85 -1.6358145531e+03
370 89 -1.6579316494e+03
370 348 -1.5186757364e+03
370 365 -1.6810821566e+03
370 368 -1.7457401417e+03
370 369 -1.4517285535e+03
371 371 9.3408142468e+03
371 4 -1.1854590704e+03
371 90 -1.8967404353e+03
371 351 -1.5327008223e+03
371 361 -1.5460947555e+03
371 372 -1.5947853642e+03
371 382 -1.5850337990e+03
372 372 1.1122444860e+04
372 86 -1.8167888687e+03
372 90 -1.9280289835e+03
372 351 -1.8088646594e+03
372 371 -1.5947853642e+03
372 375 -2.1913891349e+03
372 377 -1.7825878492e+03
373 373 1.8135015003e+04
373 1 -4.9559437846e+03
373 90 -2.6334755048e+03
373 374 -2.6647213042e+03
373 375 -2.5896094066e+03
373 380 -2.6707798630e+03
373 381 -2.6204851400e+03
374 374 1.8698341605e+04
374 1 -4.8341808819e+03
374 91 -2.6840184391e+03
374 373 -2.6647213042e+03
374 375 -2.7799793089e+03
374 392 -2.9465787785e+03
374 393 -2.7888628920e+03
375 375 1.4047152332e+04
375 90 -2.0956051643e+03
375 91 -2.2158009244e+03
375 372 -2.1913891349e+03
375 373 -2.5896094066e+03
375 374 -2.7799793089e+03
375 377 -2.1747683929e+03
376 376 1.2067546583e+04
376 5 -1.9920071718e+03
376 91 -2.1557323939e+03
376 353 -2.0266448129e+03
376 364 -1.8312425120e+03
376 377 -1.9001022340e+03
376 391 -2.1618174580e+03
377 377 1.2089174193e+04
377 86 -2.0296470175e+03
377 91 -2.2696108678e+03
377 353 -1.9324578311e+03
377 372 -1.7825878492e+03
377 375 -2.1747683929e+03
377 376 -1.9001022340e+03
378 378 1.2244069701e+04
378 3 -1.9648678255e+03
378 92 -2.1825178120e+03
378 359 -2.0768123289e+03
378 379 -1.9190283180e+03
378 385 -1.8584339819e+03
378 396 -2.2424094345e+03
379 379 1.2195438849e+04
379 87 -2.0341728123e+03
379 92 -2.2727274569e+03
379 359 -1.9841488727e+03
379 378 -1.9190283180e+03
379 381 -2.1753530025e+03
379 382 -1.8100083867e+03
380 380 1.8807938586e+04
380 1 -4.8768838912e+03
380 92 -2.7365656778e+03
380 373 -2.6707798630e+03
380 381 -2.8285061685e+03
380 399 -2.8878052980e+03
380 400 -2.8073976878e+03
381 381 1.4157159912e+04
381 90 -2.0929092110e+03
381 92 -2.2438521701e+03
381 373 -2.6204851400e+03
381 379 -2.1753530025e+03
381 380 -2.8285061685e+03
381 382 -2.1960542198e+03
382 382 1.1149804959e+04
382 87 -1.8109891283e+03
382 90 -1.9541182926e+03
382 361 -1.7936011324e+03
382 371 -1.5850337990e+03
382 379 -1.8100083867e+03
382 381 -2.1960542198e+03
383 383 1.2613225835e+04
383 0 -2.1655108258e+03
383 93 -2.0826561073e+03
383 384 -1.9674480516e+03
383 397 -2.2066203012e+03
383 398 -2.1611630397e+03
383 816 -2.0298275090e+03
384 384 1.1152923976e+04
384 93 -1.9308194986e+03
384 383 -1.9674480516e+03
384 386 -1.8510638558e+03
384 505 -1.7604316918e+03
384 815 -1.7122834524e+03
384 816 -1.9308774261e+03
385 385 1.1685269296e+04
385 3 -1.9622204948e+03
385 93 -2.0530433942e+03
385 363 -1.9238857732e+03
385 378 -1.8584339819e+03
385 386 -1.8013165460e+03
385 396 -2.0863691062e+03
386 386 1.0843955830e+04
386 93 -1.9408428093e+03
386 363 -1.8120383326e+03
386 384 -1.8510638558e+03
386 385 -1.8013165460e+03
386 503 -1.7778020301e+03
386 815 -1.6608922563e+03
387 387 9.6852225284e+03
387 89 -1.6613873409e+03
387 369 -1.4387403231e+03
387 389 -1.7756342156e+03
387 390 -1.6452807497e+03
387 916 -1.6463705511e+03
387 1215 -1.5178093480e+03
388 388 1.2595708809e+04
388 2 -2.2178362227e+03
388 94 -2.0675684505e+03
388 367 -2.1218602278e+03
388 389 -1.9228211479e+03
388 402 -2.1447890491e+03
388 1629 -2.1208337115e+03
389 389 1.1183302585e+04
389 89 -1.7820588498e+03
389 94 -1.8897345283e+03
389 367 -1.9264345272e+03
389 387 -1.7756342156e+03
389 388 -1.9228211479e+03
389 390 -1.8866193160e+03
390 390 1.0860270390e+04
390 94 -1.9350123988e+03
390 387 -1.6452807497e+03
390 389 -1.8866193160e+03
390 916 -1.7765750763e+03
390 1217 -1.8151537477e+03
390 1623 -1.8016291011e+03
391 391 1.2984919742e+04
391 88 -2.0182542935e+03
391 91 -2.1686049754e+03
391 364 -2.0039333177e+03
391 376 -2.1618174580e+03
391 393 -2.3388779332e+03
391 395 -2.2934317642e+03
392 392 1.9675651546e+04
392 1 -5.0755650717e+03
392 95 -2.9749645079e+03
392 374 -2.9465787785e+03
392 393 -2.8293201895e+03
392 399 -2.7968027260e+03
392 403 -3.0524202726e+03
393 393 1.5472237603e+04
393 91 -2.4993900550e+03
393 95 -2.6197053447e+03
393 374 -2.7888628920e+03
393 391 -2.3388779332e+03
393 392 -2.8293201895e+03
393 395 -2.3960811889e+03
394 394 1.3879334217e+04
394 2 -2.3255314497e+03
394 95 -2.4581432375e+03
394 366 -2.0914916115e+03
394 395 -2.4102230878e+03
394 406 -2.3815146823e+03
394 407 -2.2124301482e+03
395 395 1.3601547158e+04
395 88 -2.0717999700e+03
395 95 -2.3277270130e+03
395 366 -2.1022841338e+03
395 391 -2.2934317642e+03
395 393 -2.3960811889e+03
395 394 -2.4102230878e+03
396 396 1.3114135087e+04
396 92 -2.2121072853e+03
396 93 -1.9997222038e+03
396 378 -2.2424094345e+03
396 385 -2.0863691062e+03
396 398 -2.2469145085e+03
396 400 -2.3266125489e+03
397 397 1.3978581308e+04
397 0 -2.3384171647e+03
397 96 -2.4645836699e+03
397 383 -2.2066203012e+03
397 398 -2.3504085580e+03
397 404 -2.3586093234e+03
397 405 -2.2599422908e+03
398 398 1.3691763167e+04
398 93 -2.0896708566e+03
398 96 -2.3752959965e+03
398 383 -2.1611630397e+03
398 396 -2.2469145085e+03
398 397 -2.3504085580e+03
398 400 -2.4683102079e+03
399 399 1.9730798508e+04
399 1 -5.1092746709e+03
399 96 -3.0051665212e+03
399 380 -2.8878052980e+03
399 392 -2.7968027260e+03
399 400 -2.8665059857e+03
399 403 -3.0652433063e+03
400 400 1.5566219597e+04
400 92 -2.4963139298e+03
400 96 -2.6010792371e+03
400 380 -2.8073976878e+03
400 396 -2.3266125489e+03
400 398 -2.4683102079e+03
400 399 -2.8665059857e+03
401 401 1.3991885179e+04
401 0 -2.3178660876e+03
401 404 -2.3893795274e+03
401 408 -2.2594724190e+03
401 819 -2.1854992968e+03
401 1316 -2.4539311325e+03
401 1627 -2.3857367161e+03
402 402 1.3942790147e+04
402 2 -2.3294784901e+03
402 388 -2.1447890491e+03
402 406 -2.3737260728e+03
402 409 -2.2392400753e+03
402 1317 -2.4661135759e+03
402 1629 -2.3894428834e+03
403 403 1.6529696217e+04
403 95 -2.4926515815e+03
403 96 -2.5309092431e+03
403 392 -3.0524202726e+03
403 399 -3.0652433063e+03
403 405 -2.6990328045e+03
403 407 -2.6894390089e+03
404 404 1.4239397142e+04
404 0 -2.1468925485e+03
404 97 -2.3052640600e+03
404 397 -2.3586093234e+03
404 401 -2.3893795274e+03
404 405 -2.5470589244e+03
404 408 -2.4921927581e+03
405 405 1.4951185348e+04
405 96 -2.6148491944e+03
405 97 -2.5205475216e+03
405 397 -2.2599422908e+03
405 403 -2.6990328045e+03
405 404 -2.5470589244e+03
405 407 -2.3097546119e+03
406 406 1.4223231274e+04
406 2 -2.1226395697e+03
406 97 -2.2939276026e+03
406 394 -2.3815146823e+03
406 402 -2.3737260728e+03
406 407 -2.5244056077e+03
406 409 -2.5270177393e+03
407 407 1.4913681324e+04
407 95 -2.6203093571e+03
407 97 -2.5573425905e+03
407 394 -2.2124301482e+03
407 403 -2.6894390089e+03
407 405 -2.3097546119e+03
407 406 -2.5244056077e+03
408 408 1.4957662146e+04
408 97 -2.5047587679e+03
408 401 -2.2594724190e+03
408 404 -2.4921927581e+03
408 409 -2.3247303231e+03
408 1316 -2.6616404161e+03
408 1632 -2.7148674620e+03
409 409 1.4945860700e+04
409 97 -2.5415949582e+03
409 402 -2.2392400753e+03
409 406 -2.5270177393e+03
409 408 -2.3247303231e+03
409 1317 -2.6108940581e+03
409 1632 -2.7023835463e+03
