822 1218 822 1218
822 822 6.6735674431e+03
822 348 -9.3970288603e+02
822 369 -9.9961913776e+02
822 1196 -9.2611758879e+02
822 1197 -9.9398644766e+02
822 1206 -9.8389852442e+02
822 1207 -9.0473163678e+02
822 1215 -9.2551122170e+02
823 823 1.2102945164e+04
823 1152 -1.9145543565e+03
823 1153 -2.0071901228e+03
823 1180 -2.1025439556e+03
823 1187 -2.1548309130e+03
823 1191 -2.0373084627e+03
823 1204 -1.8865173530e+03
824 824 1.0770163357e+04
824 1145 -1.8172051406e+03
824 1146 -1.7649559983e+03
824 1176 -1.8082777832e+03
824 1182 -1.8445040356e+03
824 1201 -1.8305842937e+03
824 1209 -1.7046361057e+03
825 825 1.0795024281e+04
825 318 -1.8267710775e+03
825 1136 -1.7861526556e+03
825 1137 -1.7675261402e+03
825 1168 -1.8563684130e+03
825 1173 -1.8168710085e+03
825 1194 -1.7413349863e+03
826 826 1.2216495274e+04
826 1129 -2.0668115204e+03
826 1130 -1.8989491849e+03
826 1163 -2.1835558117e+03
826 1170 -2.1138691878e+03
826 1189 -2.0765509602e+03
826 1199 -1.8767586092e+03
827 827 2.5760927621e+04
827 1122 -5.1906191320e+03
827 1123 -4.8543664370e+03
827 1158 -5.3399327319e+03
827 1165 -5.1713129793e+03
827 1185 -5.2046963412e+03
828 828 1.2511654046e+04
828 1079 -2.0250559594e+03
828 1080 -2.1250688319e+03
828 1111 -2.0824004728e+03
828 1118 -1.9832541203e+03
828 1150 -2.0122443154e+03
828 1160 -2.2836303461e+03
829 829 1.1686403145e+04
829 1072 -1.8281458774e+03
829 1073 -1.8799060499e+03
829 1106 -2.1044199526e+03
829 1113 -2.0871038394e+03
829 1143 -1.8483084284e+03
829 1155 -1.9385189968e+03
830 830 1.1459019359e+04
830 1069 -1.8367594734e+03
830 1108 -2.0836159817e+03
830 1142 -1.8496979513e+03
830 1148 -1.8157586336e+03
830 1476 -1.7837203534e+03
830 1506 -2.0894669651e+03
831 831 1.1466471765e+04
831 1062 -1.8426178490e+03
831 1063 -1.7782136434e+03
831 1100 -2.0849675517e+03
831 1104 -2.0777801780e+03
831 1134 -1.8610743676e+03
831 1141 -1.8218181750e+03
832 832 1.1852216731e+04
832 1055 -1.9792561659e+03
832 1056 -1.7911670394e+03
832 1095 -2.1388202034e+03
832 1102 -2.1380269797e+03
832 1127 -1.9997940364e+03
832 1139 -1.8051523063e+03
833 833 1.2828607303e+04
833 1048 -2.2002171248e+03
833 1049 -1.9936118841e+03
833 1090 -2.1890401506e+03
833 1097 -2.2257459577e+03
833 1120 -2.2736506806e+03
833 1132 -1.9463415050e+03
834 834 8.0246378539e+03
834 1036 -1.1049701686e+03
834 1037 -1.0866893340e+03
834 1042 -1.2811008444e+03
834 1085 -1.1035176756e+03
834 1092 -1.2641817102e+03
834 1116 -1.0136372889e+03
834 1125 -1.1705408321e+03
835 835 1.1683112153e+04
835 980 -2.3846703860e+03
835 981 -1.6165074210e+03
835 987 -1.7445884206e+03
835 997 -1.8185762326e+03
835 1030 -1.8676246211e+03
835 1044 -2.2511450716e+03
836 836 1.1403160867e+04
836 973 -2.0870976103e+03
836 974 -1.6528530539e+03
836 1025 -1.8810442924e+03
836 1032 -1.9472932996e+03
836 1077 -2.0775344460e+03
836 1087 -1.7573381649e+03
837 837 1.1772846746e+04
837 966 -1.9854455791e+03
837 967 -1.8200876194e+03
837 1020 -2.0784029375e+03
837 1027 -2.0548407161e+03
837 1070 -1.9712118615e+03
837 1082 -1.8628580320e+03
838 838 1.1787020393e+04
838 959 -1.8925807454e+03
838 960 -1.8168871200e+03
838 1016 -2.1895730833e+03
838 1022 -2.1651575085e+03
838 1067 -1.8933613075e+03
838 1075 -1.8294606283e+03
839 839 1.1834505301e+04
839 148 -2.1752607707e+03
839 187 -1.8246061789e+03
839 951 -1.9345068393e+03
839 952 -1.8098333074e+03
839 1011 -2.1791789949e+03
839 1060 -1.9111192099e+03
840 840 1.1910772735e+04
840 945 -1.9451683119e+03
840 946 -1.7959271195e+03
840 1006 -2.2012659782e+03
840 1013 -2.2098818385e+03
840 1053 -1.9472293087e+03
840 1065 -1.8113001787e+03
841 841 1.2260679113e+04
841 938 -2.0466702183e+03
841 939 -1.9011525002e+03
841 1001 -2.1840007461e+03
841 1008 -2.2220334837e+03
841 1046 -2.0255627336e+03
841 1058 -1.8812594309e+03
842 842 1.2990628980e+04
842 931 -2.1053709966e+03
842 932 -1.9512346220e+03
842 991 -2.4498087440e+03
842 1003 -2.2937260643e+03
842 1034 -2.1177885191e+03
842 1051 -2.0727000345e+03
843 843 2.4069058697e+04
843 924 -4.5517127132e+03
843 925 -4.7172253208e+03
843 993 -5.3096140293e+03
843 995 -4.9949439064e+03
843 1039 -4.4955627275e+03
844 844 1.1702217715e+04
844 918 -1.8991746638e+02
844 919 -2.9814950626e+03
844 920 -1.0870520711e+03
844 921 -2.8176971354e+03
844 986 -2.7560922124e+03
844 989 -1.8699637669e+03
845 845 1.4520470982e+04
845 922 -2.3598486536e+03
845 923 -1.8285672740e+03
845 924 -2.6022253917e+03
845 926 -2.8560729288e+03
845 990 -2.7679281981e+03
845 994 -2.1058285361e+03
846 846 1.2529524529e+04
846 925 -2.5569368153e+03
846 926 -2.7134061368e+03
846 927 -1.8133090084e+03
846 928 -1.5030175773e+03
846 996 -1.6112912389e+03
846 999 -2.3315637522e+03
847 847 1.2647340598e+04
847 929 -2.0949061298e+03
847 930 -1.9081893151e+03
847 931 -2.0958922991e+03
847 933 -2.3363145721e+03
847 1000 -2.2585226673e+03
847 1004 -1.9535156147e+03
848 848 1.3317264397e+04
848 932 -1.9691962193e+03
848 933 -2.3999040473e+03
848 934 -1.8829563384e+03
848 935 -2.2358249690e+03
848 990 -2.5098678652e+03
848 992 -2.3195149581e+03
849 849 1.2198743065e+04
849 936 -2.0067633839e+03
849 937 -1.8682147144e+03
849 938 -2.0150184773e+03
849 940 -2.2156060323e+03
849 1005 -2.2363290288e+03
849 1009 -1.8568114282e+03
850 850 1.2348748121e+04
850 939 -1.9134029246e+03
850 940 -2.2249033051e+03
850 941 -1.9056773893e+03
850 942 -2.0377767490e+03
850 1000 -2.2137065071e+03
850 1002 -2.0532812461e+03
851 851 1.1968514613e+04
851 943 -1.9522455833e+03
851 944 -1.7971609857e+03
851 945 -1.9473735731e+03
851 947 -2.2320968330e+03
851 1010 -2.2378878264e+03
851 1014 -1.8017498112e+03
852 852 1.2051913572e+04
852 946 -1.8175976408e+03
852 947 -2.2394966758e+03
852 948 -1.8270058025e+03
852 949 -1.9718099465e+03
852 1005 -2.2257087893e+03
852 1007 -1.9702947170e+03
853 853 1.1976048327e+04
853 98 -2.0086305628e+03
853 145 -2.2060795175e+03
853 149 -1.7945341217e+03
853 950 -1.7894392151e+03
853 951 -1.9745379558e+03
853 953 -2.2028269542e+03
854 854 1.1948545031e+04
854 952 -1.7993683280e+03
854 953 -2.2233053681e+03
854 954 -1.7943422696e+03
854 955 -1.9701326018e+03
854 1010 -2.2244418492e+03
854 1012 -1.9369546140e+03
855 855 1.1871063952e+04
855 957 -1.9315062559e+03
855 958 -1.7972969718e+03
855 959 -1.9171804452e+03
855 961 -2.2129404157e+03
855 1019 -2.2057867530e+03
855 1023 -1.8063531101e+03
856 856 1.1908328392e+04
856 960 -1.8166178734e+03
856 961 -2.2284286284e+03
856 962 -1.8209725095e+03
856 963 -1.9118240872e+03
856 1015 -2.2316118879e+03
856 1017 -1.8988734059e+03
857 857 1.1818698253e+04
857 964 -2.0511507785e+03
857 965 -1.7030964472e+03
857 966 -2.0361194633e+03
857 968 -2.1282868209e+03
857 1024 -2.1444516429e+03
857 1028 -1.7555931003e+03
858 858 1.1843836043e+04
858 967 -1.7789910600e+03
858 968 -2.1736134812e+03
858 969 -1.7621800803e+03
858 970 -1.9858983285e+03
858 1019 -2.1806489569e+03
858 1021 -1.9625041357e+03
859 859 1.1704157973e+04
859 971 -2.2386788553e+03
859 972 -1.5097175159e+03
859 973 -2.1546038025e+03
859 975 -2.0574103711e+03
859 1029 -2.1612889746e+03
859 1033 -1.5824584532e+03
860 860 1.1723959054e+04
860 974 -1.6432232944e+03
860 975 -2.1267646512e+03
860 976 -1.6109963294e+03
860 977 -2.1396580965e+03
860 1024 -2.0910340899e+03
860 1026 -2.1122825927e+03
861 861 1.1643198156e+04
861 978 -2.5699358642e+03
861 979 -1.2913867450e+03
861 980 -2.5131885925e+03
861 982 -1.9931086693e+03
861 988 -1.3623376524e+03
861 989 -1.9132406327e+03
862 862 1.1784852132e+04
862 981 -1.4812957428e+03
862 982 -2.0980754336e+03
862 983 -1.4269956317e+03
862 984 -2.3754117250e+03
862 1029 -2.1064028864e+03
862 1031 -2.2966707125e+03
863 863 1.0743611047e+04
863 985 -9.6114770411e+02
863 986 -2.4274559696e+03
863 987 -1.4753019228e+03
863 988 -1.5261192090e+03
863 998 -2.4505806885e+03
863 999 -1.9030055532e+03
864 864 1.5116586774e+04
864 991 -2.6467555404e+03
864 992 -2.4468247113e+03
864 993 -3.2350060114e+03
864 994 -2.2316125834e+03
864 1035 -2.1420069183e+03
864 1040 -2.4143810092e+03
865 865 1.3660327330e+04
865 995 -2.7680208005e+03
865 996 -1.8139423397e+03
865 997 -2.1286087302e+03
865 998 -2.5228118770e+03
865 1041 -2.5527567433e+03
865 1045 -1.8741868393e+03
866 866 1.2491165293e+04
866 1001 -2.2040126274e+03
866 1002 -2.0630254879e+03
866 1003 -2.2226893452e+03
866 1004 -1.9558375786e+03
866 1047 -1.9719842270e+03
866 1052 -2.0736160266e+03
867 867 1.2066652078e+04
867 1006 -2.2122806728e+03
867 1007 -1.9902920582e+03
867 1008 -2.2052428668e+03
867 1009 -1.8330264135e+03
867 1054 -1.8273429170e+03
867 1059 -1.9984671500e+03
868 868 1.1849918520e+04
868 1011 -2.1958351921e+03
868 1012 -1.9237379042e+03
868 1013 -2.2002529564e+03
868 1014 -1.7946137326e+03
868 1061 -1.8132939296e+03
868 1066 -1.9221848049e+03
869 869 1.1854812487e+04
869 1016 -2.2029988625e+03
869 1017 -1.8980861473e+03
869 1018 -1.8181218778e+03
869 1068 -1.8223499702e+03
869 1424 -2.2080648630e+03
869 1479 -1.9051907658e+03
870 870 1.1786376856e+04
870 1020 -2.1225626710e+03
870 1021 -1.9267549684e+03
870 1022 -2.1497100351e+03
870 1023 -1.8170285384e+03
870 1071 -1.8537327729e+03
870 1076 -1.9165878698e+03
871 871 1.1670287176e+04
871 1025 -1.9972656543e+03
871 1026 -2.0694738803e+03
871 1027 -2.0177161658e+03
871 1028 -1.7609533075e+03
871 1078 -1.8048557430e+03
871 1083 -2.0200224247e+03
872 872 1.1376192867e+04
872 1030 -1.9006656149e+03
872 1031 -2.1862423097e+03
872 1032 -1.9250766174e+03
872 1033 -1.5927387810e+03
872 1084 -1.6974857415e+03
872 1088 -2.0739838025e+03
873 873 1.2024812891e+04
873 1034 -2.0629169401e+03
873 1035 -1.9788414223e+03
873 1036 -1.7501319813e+03
873 1038 -2.2177772592e+03
873 1089 -2.1256432861e+03
873 1093 -1.8895020016e+03
874 874 1.3358013081e+04
874 1037 -1.7552608587e+03
874 1038 -2.3579148962e+03
874 1039 -2.3795840653e+03
874 1040 -2.2986948197e+03
874 1041 -2.5004368040e+03
874 1043 -2.0661216368e+03
875 875 1.1063715504e+04
875 1042 -1.8617234792e+03
875 1043 -1.8423601709e+03
875 1044 -2.1481254585e+03
875 1045 -1.7823075347e+03
875 1084 -1.7172907368e+03
875 1086 -1.7119081244e+03
876 876 1.2384485699e+04
876 1046 -2.0766020242e+03
876 1047 -1.9313103912e+03
876 1048 -2.1161661086e+03
876 1050 -2.1552626649e+03
876 1094 -2.1901112599e+03
876 1098 -1.9150332497e+03
877 877 1.2434680402e+04
877 1049 -1.9682305839e+03
877 1050 -2.1544883924e+03
877 1051 -2.0021736488e+03
877 1052 -2.0718258730e+03
877 1089 -2.1664934818e+03
877 1091 -2.0714684222e+03
878 878 1.1848957504e+04
878 1053 -1.9459157942e+03
878 1054 -1.7907876909e+03
878 1055 -1.9517366723e+03
878 1057 -2.1696179750e+03
878 1099 -2.1858523098e+03
878 1103 -1.8050470614e+03
879 879 1.2105714545e+04
879 1056 -1.8335704623e+03
879 1057 -2.1885294162e+03
879 1058 -1.8528517984e+03
879 1059 -2.0155189431e+03
879 1094 -2.1757183923e+03
879 1096 -2.0395255322e+03
880 880 1.1681395743e+04
880 225 -2.1449547956e+03
880 228 -1.8217501919e+03
880 1060 -1.8863435220e+03
880 1061 -1.8001815051e+03
880 1062 -1.8790103589e+03
880 1064 -2.1491553697e+03
881 881 1.1704360582e+04
881 1063 -1.7989197531e+03
881 1064 -2.1648295567e+03
881 1065 -1.7955768605e+03
881 1066 -1.9007147079e+03
881 1099 -2.1599087567e+03
881 1101 -1.8844109475e+03
882 882 1.1658769328e+04
882 1067 -1.8696205471e+03
882 1068 -1.8041308789e+03
882 1069 -1.8654412116e+03
882 1105 -2.1445421636e+03
882 1109 -1.8170740534e+03
882 1477 -2.1579604739e+03
883 883 1.1782882234e+04
883 1070 -1.9231046148e+03
883 1071 -1.8870049709e+03
883 1072 -1.8823071545e+03
883 1074 -2.0899142370e+03
883 1110 -2.0644638287e+03
883 1114 -1.9360874276e+03
884 884 1.1690090979e+04
884 1073 -1.8574708526e+03
884 1074 -2.1203612165e+03
884 1075 -1.8388497021e+03
884 1076 -1.8764963382e+03
884 1105 -2.1432269617e+03
884 1107 -1.8536859079e+03
885 885 1.1572471741e+04
885 1077 -2.0197236772e+03
885 1078 -1.8634111052e+03
885 1079 -1.9951674118e+03
885 1081 -1.9169335335e+03
885 1115 -1.8480531936e+03
885 1119 -1.9291828193e+03
886 886 1.1857100501e+04
886 1080 -1.9677826010e+03
886 1081 -2.0075841263e+03
886 1082 -1.9012849853e+03
886 1083 -2.0003645593e+03
886 1110 -2.0240301205e+03
886 1112 -1.9560541085e+03
887 887 1.0633876881e+04
887 1085 -1.5818673252e+03
887 1086 -1.6770355345e+03
887 1087 -1.7428718262e+03
887 1088 -1.9776732503e+03
887 1115 -1.7320960385e+03
887 1117 -1.9223329066e+03
888 888 1.1870334597e+04
888 1090 -2.0931012789e+03
888 1091 -2.0072773123e+03
888 1092 -1.8433065543e+03
888 1093 -1.8841801691e+03
888 1121 -2.0105153927e+03
888 1126 -2.0319538899e+03
889 889 1.2375251460e+04
889 1095 -2.1943252631e+03
889 1096 -2.0933986331e+03
889 1097 -2.1905075407e+03
889 1098 -1.8780666123e+03
889 1128 -1.8529632293e+03
889 1133 -2.1659901817e+03
890 890 1.1594740974e+04
890 1100 -2.1034536856e+03
890 1101 -1.8808998870e+03
890 1102 -2.1219054761e+03
890 1103 -1.7695771290e+03
890 1135 -1.7903812075e+03
890 1140 -1.9285235885e+03
891 891 1.1522139645e+04
891 1106 -2.1005632575e+03
891 1107 -1.8246645710e+03
891 1108 -2.0907324802e+03
891 1109 -1.8058335301e+03
891 1144 -1.8523575445e+03
891 1149 -1.8479882619e+03
892 892 1.2084302763e+04
892 1111 -2.0758874040e+03
892 1112 -1.9166380987e+03
892 1113 -2.1071964759e+03
892 1114 -1.9988047302e+03
892 1151 -2.0882162961e+03
892 1156 -1.8975597581e+03
893 893 1.1525514787e+04
893 1116 -1.6014934174e+03
893 1117 -1.9357826208e+03
893 1118 -1.8690385044e+03
893 1119 -1.9705240162e+03
893 1157 -2.0965070063e+03
893 1161 -2.0521692223e+03
894 894 1.5115989400e+04
894 1120 -2.4998740021e+03
894 1121 -2.2237713118e+03
894 1122 -2.9626881274e+03
894 1124 -2.5347717205e+03
894 1162 -2.5382545321e+03
894 1166 -2.3566297063e+03
895 895 1.3633044209e+04
895 1123 -2.6150746909e+03
895 1124 -2.4767254260e+03
895 1125 -1.8790783776e+03
895 1126 -2.1202360095e+03
895 1157 -2.2599940733e+03
895 1159 -2.2819356318e+03
896 896 1.2003468476e+04
896 1127 -2.0151686313e+03
896 1128 -1.8129927790e+03
896 1129 -2.0373052929e+03
896 1131 -2.1923508482e+03
896 1167 -2.1160783890e+03
896 1171 -1.8295725359e+03
897 897 1.3179231795e+04
897 1130 -1.9848858661e+03
897 1131 -2.2777806142e+03
897 1132 -1.9753767821e+03
897 1133 -2.2402662288e+03
897 1162 -2.3162298713e+03
897 1164 -2.3846924321e+03
898 898 1.1288289497e+04
898 1134 -1.8374394860e+03
898 1135 -1.7648147652e+03
898 1136 -1.8670645020e+03
898 1138 -1.9884030499e+03
898 1172 -1.9802356133e+03
898 1174 -1.8503320808e+03
899 899 1.1410552239e+04
899 1137 -1.8154551933e+03
899 1138 -2.0340185078e+03
899 1139 -1.7745972233e+03
899 1140 -1.8870460590e+03
899 1167 -2.0252367828e+03
899 1169 -1.8741984726e+03
900 900 1.1359319321e+04
900 1143 -1.8126868540e+03
900 1144 -1.8309104161e+03
900 1145 -1.8574469417e+03
900 1147 -2.0136444398e+03
900 1179 -2.0078657003e+03
900 1183 -1.8367649690e+03
901 901 1.1264097799e+04
901 1146 -1.8333179662e+03
901 1147 -1.9908920295e+03
901 1148 -1.8081536305e+03
901 1149 -1.8075596777e+03
901 1175 -1.9745862459e+03
901 1177 -1.8495882492e+03
902 902 1.3069010248e+04
902 1150 -2.0217449431e+03
902 1151 -2.2101458949e+03
902 1152 -2.0196473874e+03
902 1154 -2.2095010321e+03
902 1184 -2.2261516191e+03
902 1188 -2.3818193718e+03
903 903 1.1895842105e+04
903 1153 -2.0203411733e+03
903 1154 -2.1239124405e+03
903 1155 -1.9586198665e+03
903 1156 -1.8447600991e+03
903 1179 -2.0945160013e+03
903 1181 -1.8536925244e+03
904 904 1.5061385291e+04
904 1158 -3.0913199996e+03
904 1159 -2.4107570548e+03
904 1160 -2.4722382123e+03
904 1161 -2.2627115848e+03
904 1184 -2.4145631531e+03
904 1186 -2.4097952864e+03
905 905 1.5422314169e+04
905 1163 -2.3975927221e+03
905 1164 -2.6010366248e+03
905 1165 -2.9995860828e+03
905 1166 -2.4306073535e+03
905 1190 -2.3108085598e+03
905 1193 -2.6826828261e+03
906 906 1.0997660298e+04
906 1168 -1.9117305006e+03
906 1169 -1.8387509116e+03
906 1170 -1.9604477436e+03
906 1171 -1.7786214052e+03
906 1195 -1.7440255241e+03
906 1200 -1.7640842132e+03
907 907 1.1010360519e+04
907 1176 -1.8377309179e+03
907 1177 -1.8218709350e+03
907 1178 -1.8228746133e+03
907 1202 -1.8423904640e+03
907 1573 -1.8409257174e+03
907 1597 -1.8445678710e+03
908 908 1.0966990587e+04
908 1180 -1.9513296674e+03
908 1181 -1.7986273694e+03
908 1182 -1.9086980231e+03
908 1183 -1.7856776688e+03
908 1205 -1.7633658806e+03
908 1210 -1.7592919780e+03
909 909 1.5346451155e+04
909 1185 -2.9756395328e+03
909 1186 -2.4683083720e+03
909 1187 -2.3746479882e+03
909 1188 -2.5319119391e+03
909 1192 -2.3265308425e+03
909 1193 -2.6694124808e+03
910 910 1.2340903979e+04
910 1189 -2.1403328647e+03
910 1190 -2.0734160116e+03
910 1191 -2.1257424299e+03
910 1192 -2.0665082309e+03
910 1211 -1.9840936120e+03
910 1213 -1.9508108300e+03
911 911 9.6370381761e+03
911 345 -1.6105333028e+03
911 349 -1.6593762506e+03
911 1194 -1.6574520276e+03
911 1195 -1.6700843890e+03
911 1196 -1.4167534797e+03
911 1198 -1.6228387264e+03
912 912 1.0050705778e+04
912 1197 -1.4837763015e+03
912 1198 -1.6619581202e+03
912 1199 -1.7612101141e+03
912 1200 -1.7100789650e+03
912 1211 -1.7804747688e+03
912 1212 -1.6532075085e+03
913 913 1.0553958206e+04
913 1201 -1.8238039851e+03
913 1202 -1.7990962645e+03
913 1203 -1.8250226407e+03
913 1214 -1.6832214562e+03
913 1218 -1.7302322076e+03
913 1595 -1.6925816520e+03
914 914 1.0033292128e+04
914 1204 -1.7661885580e+03
914 1205 -1.6748863690e+03
914 1206 -1.4815111243e+03
914 1208 -1.6745061863e+03
914 1212 -1.6352540769e+03
914 1213 -1.8009458139e+03
915 915 9.6018667721e+03
915 1207 -1.3998501467e+03
915 1208 -1.6073755505e+03
915 1209 -1.6436347541e+03
915 1210 -1.6922919618e+03
915 1214 -1.6109795087e+03
915 1216 -1.6477348503e+03
916 916 9.7948494895e+03
916 387 -1.6463705511e+03
916 390 -1.7765750763e+03
916 1215 -1.4032648623e+03
916 1216 -1.6652733946e+03
916 1217 -1.6236383854e+03
916 1218 -1.6797272198e+03
917 917 1.2626009717e+04
917 919 -3.9757328185e+03
917 921 -1.9880120923e+03
918 918 8.4518875818e+03
918 844 -1.8991746638e+02
918 919 -2.6716945127e+03
918 985 -1.9146840018e+03
918 986 -6.6138526616e+02
919 919 1.1994783700e+04
919 844 -2.9814950626e+03
919 917 -3.9757328185e+03
919 918 -2.6716945127e+03
919 921 -1.5576458863e+03
920 920 1.2103288198e+04
920 844 -1.0870520711e+03
920 921 -2.2287515819e+03
920 978 -2.1962822283e+03
920 989 -2.6839058636e+03
921 921 1.2771349661e+04
921 844 -2.8176971354e+03
921 917 -1.9880120923e+03
921 919 -1.5576458863e+03
921 920 -2.2287515819e+03
922 922 1.3104210190e+04
922 845 -2.3598486536e+03
922 923 -2.5613844015e+03
922 934 -2.4123023037e+03
922 990 -1.8706212835e+03
923 923 1.2603074294e+04
923 845 -1.8285672740e+03
923 922 -2.5613844015e+03
923 926 -2.0860219256e+03
923 928 -2.5723923323e+03
924 924 1.8526469210e+04
924 843 -4.5517127132e+03
924 845 -2.6022253917e+03
924 925 -3.1667965829e+03
924 926 -2.4152521557e+03
924 993 -2.5289044830e+03
924 994 -3.2615778839e+03
925 925 1.7831127184e+04
925 843 -4.7172253208e+03
925 846 -2.5569368153e+03
925 924 -3.1667965829e+03
925 926 -2.2066591997e+03
925 995 -2.2196578779e+03
925 996 -2.9638513880e+03
926 926 1.4107181689e+04
926 845 -2.8560729288e+03
926 846 -2.7134061368e+03
926 923 -2.0860219256e+03
926 924 -2.4152521557e+03
926 925 -2.2066591997e+03
926 928 -1.8297693421e+03
927 927 9.2407788253e+03
927 846 -1.8133090084e+03
927 928 -2.5075945729e+03
927 985 -1.9633853319e+03
927 999 -9.0560707122e+02
928 928 1.1256630537e+04
928 846 -1.5030175773e+03
928 923 -2.5723923323e+03
928 926 -1.8297693421e+03
928 927 -2.5075945729e+03
929 929 1.2480135093e+04
929 847 -2.0949061298e+03
929 930 -2.2710671955e+03
929 941 -2.2183728445e+03
929 1000 -1.9261330369e+03
930 930 1.2638080357e+04
930 847 -1.9081893151e+03
930 929 -2.2710671955e+03
930 933 -2.1630785173e+03
930 935 -2.2786920829e+03
931 931 1.2838053295e+04
931 842 -2.1053709966e+03
931 847 -2.0958922991e+03
931 932 -2.4336030651e+03
931 933 -1.9103252752e+03
931 1003 -2.0034676729e+03
931 1004 -2.2893939859e+03
932 932 1.3242883986e+04
932 842 -1.9512346220e+03
932 848 -1.9691962193e+03
932 931 -2.4336030651e+03
932 933 -2.2132251456e+03
932 991 -2.1866390450e+03
932 992 -2.4889858894e+03
933 933 1.2926343907e+04
933 847 -2.3363145721e+03
933 848 -2.3999040473e+03
933 930 -2.1630785173e+03
933 931 -1.9103252752e+03
933 932 -2.2132251456e+03
933 935 -1.9034963492e+03
934 934 1.3020805930e+04
934 848 -1.8829563384e+03
934 922 -2.4123023037e+03
934 935 -2.3624176729e+03
934 990 -2.3412954999e+03
935 935 1.2824465799e+04
935 848 -2.2358249690e+03
935 930 -2.2786920829e+03
935 933 -1.9034963492e+03
935 934 -2.3624176729e+03
936 936 1.2172259390e+04
936 849 -2.0067633839e+03
936 937 -2.2291760417e+03
936 948 -2.2386370054e+03
936 1005 -1.8512714119e+03
937 937 1.2227045725e+04
937 849 -1.8682147144e+03
937 936 -2.2291760417e+03
937 940 -2.0223890508e+03
937 942 -2.2197756254e+03
938 938 1.2240433064e+04
938 841 -2.0466702183e+03
938 849 -2.0150184773e+03
938 939 -2.2072576233e+03
938 940 -1.8716166707e+03
938 1008 -1.8677293049e+03
938 1009 -2.2321407691e+03
939 939 1.2310519285e+04
939 841 -1.9011525002e+03
939 850 -1.9134029246e+03
939 938 -2.2072576233e+03
939 940 -2.0409139826e+03
939 1001 -2.0491913643e+03
939 1002 -2.1986008901e+03
940 940 1.2266059305e+04
940 849 -2.2156060323e+03
940 850 -2.2249033051e+03
940 937 -2.0223890508e+03
940 938 -1.8716166707e+03
940 939 -2.0409139826e+03
940 942 -1.8906302634e+03
941 941 1.2363643039e+04
941 850 -1.9056773893e+03
941 929 -2.2183728445e+03
941 942 -2.2256766492e+03
941 1000 -2.0598360171e+03
942 942 1.2297430961e+04
942 850 -2.0377767490e+03
942 937 -2.2197756254e+03
942 940 -1.8906302634e+03
942 941 -2.2256766492e+03
943 943 1.2005885280e+04
943 851 -1.9522455833e+03
943 944 -2.2454058440e+03
943 954 -2.2512742014e+03
943 1010 -1.7959063151e+03
944 944 1.2021846080e+04
944 851 -1.7971609857e+03
944 943 -2.2454058440e+03
944 947 -1.9598814276e+03
944 949 -2.2427243538e+03
945 945 1.1936479831e+04
945 840 -1.9451683119e+03
945 851 -1.9473735731e+03
945 946 -2.2197927916e+03
945 947 -1.7925192388e+03
945 1013 -1.8026754420e+03
945 1014 -2.2289504736e+03
946 946 1.1971949503e+04
946 840 -1.7959271195e+03
946 852 -1.8175976408e+03
946 945 -2.2197927916e+03
946 947 -1.9630078523e+03
946 1006 -1.9583495269e+03
946 1007 -2.2172745723e+03
947 947 1.2000278445e+04
947 851 -2.2320968330e+03
947 852 -2.2394966758e+03
947 944 -1.9598814276e+03
947 945 -1.7925192388e+03
947 946 -1.9630078523e+03
947 949 -1.8132764172e+03
948 948 1.2112527247e+04
948 852 -1.8270058025e+03
948 936 -2.2386370054e+03
948 949 -2.2446675997e+03
948 1005 -1.9797005764e+03
949 949 1.2066455050e+04
949 852 -1.9718099465e+03
949 944 -2.2427243538e+03
949 947 -1.8132764172e+03
949 948 -2.2446675997e+03
950 950 1.2023822525e+04
950 98 -2.2214063790e+03
950 853 -1.7894392151e+03
950 953 -1.9831650641e+03
950 955 -2.2333731187e+03
951 951 1.1904305688e+04
951 148 -1.8120974356e+03
951 149 -2.1923936811e+03
951 839 -1.9345068393e+03
951 853 -1.9745379558e+03
951 952 -2.1907141999e+03
951 953 -1.8000555761e+03
952 952 1.1882480984e+04
952 839 -1.8098333074e+03
952 854 -1.7993683280e+03
952 951 -2.1907141999e+03
952 953 -1.9567899324e+03
952 1011 -1.9199134742e+03
952 1012 -2.2058617419e+03
953 953 1.1957443001e+04
953 853 -2.2028269542e+03
953 854 -2.2233053681e+03
953 950 -1.9831650641e+03
953 951 -1.8000555761e+03
953 952 -1.9567899324e+03
953 955 -1.7913001056e+03
954 954 1.2004299926e+04
954 854 -1.7943422696e+03
954 943 -2.2512742014e+03
954 955 -2.2424585796e+03
954 1010 -1.9513431695e+03
955 955 1.2013533330e+04
955 854 -1.9701326018e+03
955 950 -2.2333731187e+03
955 953 -1.7913001056e+03
955 954 -2.2424585796e+03
956 956 1.1998547782e+04
956 962 -2.2537361203e+03
956 1015 -1.8338337389e+03
956 1257 -1.9151127391e+03
956 1373 -2.2426725309e+03
957 957 1.1930223220e+04
957 855 -1.9315062559e+03
957 958 -2.2317029501e+03
957 969 -2.2417194525e+03
957 1019 -1.7873589484e+03
958 958 1.1929775244e+04
958 855 -1.7972969718e+03
958 957 -2.2317029501e+03
958 961 -1.9196083145e+03
958 963 -2.2425451755e+03
959 959 1.1821799948e+04
959 838 -1.8925807454e+03
959 855 -1.9171804452e+03
959 960 -2.1975911505e+03
959 961 -1.8065561487e+03
959 1022 -1.8220771538e+03
959 1023 -2.1858143045e+03
960 960 1.1839644810e+04
960 838 -1.8168871200e+03
960 856 -1.8166178734e+03
960 959 -2.1975911505e+03
960 961 -1.9059079639e+03
960 1016 -1.8884238312e+03
960 1017 -2.2142168712e+03
961 961 1.1884451657e+04
961 855 -2.2129404157e+03
961 856 -2.2284286284e+03
961 958 -1.9196083145e+03
961 959 -1.8065561487e+03
961 960 -1.9059079639e+03
961 963 -1.8110101860e+03
962 962 1.1971737208e+04
962 856 -1.8209725095e+03
962 956 -2.2537361203e+03
962 963 -2.2478326398e+03
962 1015 -1.9044547251e+03
963 963 1.1950967157e+04
963 856 -1.9118240872e+03
963 958 -2.2425451755e+03
963 961 -1.8110101860e+03
963 962 -2.2478326398e+03
964 964 1.1891649292e+04
964 857 -2.0511507785e+03
964 965 -2.1896944275e+03
964 976 -2.2214488301e+03
964 1024 -1.6883287684e+03
965 965 1.1874985704e+04
965 857 -1.7030964472e+03
965 964 -2.1896944275e+03
965 968 -2.0244127985e+03
965 970 -2.2074336119e+03
966 966 1.1785072957e+04
966 837 -1.9854455791e+03
966 857 -2.0361194633e+03
966 967 -2.1001287957e+03
966 968 -1.7583756980e+03
966 1027 -1.8093846821e+03
966 1028 -2.0956187392e+03
967 967 1.1785565266e+04
967 837 -1.8200876194e+03
967 858 -1.7789910600e+03
967 966 -2.1001287957e+03
967 968 -1.9908949121e+03
967 1020 -1.9640803820e+03
967 1021 -2.1313824965e+03
968 968 1.1817633161e+04
968 857 -2.1282868209e+03
968 858 -2.1736134812e+03
968 965 -2.0244127985e+03
968 966 -1.7583756980e+03
968 967 -1.9908949121e+03
968 970 -1.7420494503e+03
969 969 1.1925197685e+04
969 858 -1.7621800803e+03
969 957 -2.2417194525e+03
969 970 -2.2228520326e+03
969 1019 -1.9557842877e+03
970 970 1.1909584184e+04
970 858 -1.9858983285e+03
970 965 -2.2074336119e+03
970 968 -1.7420494503e+03
970 969 -2.2228520326e+03
971 971 1.1927605301e+04
971 859 -2.2386788553e+03
971 972 -2.1870911644e+03
971 983 -2.2518124334e+03
971 1029 -1.4826334843e+03
972 972 1.1823871955e+04
972 859 -1.5097175159e+03
972 971 -2.1870911644e+03
972 975 -2.1868616513e+03
972 977 -2.1830502480e+03
973 973 1.1525756542e+04
973 836 -2.0870976103e+03
973 859 -2.1546038025e+03
973 974 -1.9996859376e+03
973 975 -1.5680828302e+03
973 1032 -1.6456689871e+03
973 1033 -2.0706173747e+03
974 974 1.1523750889e+04
974 836 -1.6528530539e+03
974 860 -1.6432232944e+03
974 973 -1.9996859376e+03
974 975 -2.1454681047e+03
974 1025 -2.0899905839e+03
974 1026 -1.9925299147e+03
975 975 1.1653650572e+04
975 859 -2.0574103711e+03
975 860 -2.1267646512e+03
975 972 -2.1868616513e+03
975 973 -1.5680828302e+03
975 974 -2.1454681047e+03
975 977 -1.5690629637e+03
976 976 1.1882265041e+04
976 860 -1.6109963294e+03
976 964 -2.2214488301e+03
976 977 -2.2086501535e+03
976 1024 -2.1065035704e+03
977 977 1.1851830292e+04
977 860 -2.1396580965e+03
977 972 -2.1830502480e+03
977 975 -1.5690629637e+03
977 976 -2.2086501535e+03
978 978 1.1943642879e+04
978 861 -2.5699358642e+03
978 920 -2.1962822283e+03
978 979 -2.1607201920e+03
978 989 -1.2097577418e+03
979 979 1.1934614100e+04
979 861 -1.2913867450e+03
979 978 -2.1607201920e+03
979 982 -2.4719810551e+03
979 984 -2.1920052750e+03
980 980 1.1596376697e+04
980 835 -2.3846703860e+03
980 861 -2.5131885925e+03
980 981 -1.9342075645e+03
980 982 -1.4493575996e+03
980 987 -1.5869488785e+03
980 988 -1.7280036763e+03
981 981 1.1651708468e+04
981 835 -1.6165074210e+03
981 862 -1.4812957428e+03
981 980 -1.9342075645e+03
981 982 -2.3830879011e+03
981 1030 -2.2661492620e+03
981 1031 -1.9704605762e+03
982 982 1.1770416481e+04
982 861 -1.9931086693e+03
982 862 -2.0980754336e+03
982 979 -2.4719810551e+03
982 980 -1.4493575996e+03
982 981 -2.3830879011e+03
982 984 -1.3748058224e+03
983 983 1.1979720653e+04
983 862 -1.4269956317e+03
983 971 -2.2518124334e+03
983 984 -2.2333334369e+03
983 1029 -2.2980497472e+03
984 984 1.1977576602e+04
984 862 -2.3754117250e+03
984 979 -2.1920052750e+03
984 982 -1.3748058224e+03
984 983 -2.2333334369e+03
985 985 8.4451964055e+03
985 863 -9.6114770411e+02
985 918 -1.9146840018e+03
985 927 -1.9633853319e+03
985 986 -1.3938844432e+03
985 999 -2.0989864668e+03
986 986 9.8323009195e+03
986 844 -2.7560922124e+03
986 863 -2.4274559696e+03
986 918 -6.6138526616e+02
986 985 -1.3938844432e+03
986 988 -1.4519911148e+03
986 989 -1.1414919134e+03
987 987 1.1592362784e+04
987 835 -1.7445884206e+03
987 863 -1.4753019228e+03
987 980 -1.5869488785e+03
987 988 -2.4941208824e+03
987 997 -2.4140367103e+03
987 998 -1.8773659698e+03
988 988 1.1158372490e+04
988 861 -1.3623376524e+03
988 863 -1.5261192090e+03
988 980 -1.7280036763e+03
988 986 -1.4519911148e+03
988 987 -2.4941208824e+03
988 989 -2.5957999550e+03
989 989 1.1414159873e+04
989 844 -1.8699637669e+03
989 861 -1.9132406327e+03
989 920 -2.6839058636e+03
989 978 -1.2097577418e+03
989 986 -1.1414919134e+03
989 988 -2.5957999550e+03
990 990 1.3956662011e+04
990 845 -2.7679281981e+03
990 848 -2.5098678652e+03
990 922 -1.8706212835e+03
990 934 -2.3412954999e+03
990 992 -1.9785738421e+03
990 994 -2.4883753224e+03
991 991 1.3569402225e+04
991 842 -2.4498087440e+03
991 864 -2.6467555404e+03
991 932 -2.1866390450e+03
991 992 -2.0265448275e+03
991 1034 -2.0119285023e+03
991 1035 -2.2477255653e+03
992 992 1.4119288298e+04
992 848 -2.3195149581e+03
992 864 -2.4468247113e+03
992 932 -2.4889858894e+03
992 990 -1.9785738421e+03
992 991 -2.0265448275e+03
992 994 -2.8588440698e+03
993 993 1.9181267372e+04
993 843 -5.3096140293e+03
993 864 -3.2350060114e+03
993 924 -2.5289044830e+03
993 994 -2.8437090439e+03
993 1039 -2.6981385219e+03
993 1040 -2.5658952828e+03
994 994 1.5789947439e+04
994 845 -2.1058285361e+03
994 864 -2.2316125834e+03
994 924 -3.2615778839e+03
994 990 -2.4883753224e+03
994 992 -2.8588440698e+03
994 993 -2.8437090439e+03
995 995 1.8142147804e+04
995 843 -4.9949439064e+03
995 865 -2.7680208005e+03
995 925 -2.2196578779e+03
995 996 -2.9250315048e+03
995 1039 -2.9275829881e+03
995 1041 -2.3069107261e+03
996 996 1.4010046826e+04
996 846 -1.6112912389e+03
996 865 -1.8139423397e+03
996 925 -2.9638513880e+03
996 995 -2.9250315048e+03
996 998 -2.2892648368e+03
996 999 -2.4066655181e+03
997 997 1.2155806426e+04
997 835 -1.8185762326e+03
997 865 -2.1286087302e+03
997 987 -2.4140367103e+03
997 998 -1.6651700743e+03
997 1044 -1.7983825004e+03
997 1045 -2.3310321781e+03
998 998 1.2183143498e+04
998 863 -2.4505806885e+03
998 865 -2.5228118770e+03
998 987 -1.8773659698e+03
998 996 -2.2892648368e+03
998 997 -1.6651700743e+03
998 999 -1.3779500516e+03
999 999 1.1023778413e+04
999 846 -2.3315637522e+03
999 863 -1.9030055532e+03
999 927 -9.0560707122e+02
999 985 -2.0989864668e+03
999 996 -2.4066655181e+03
999 998 -1.3779500516e+03
1000 1000 1.2463314574e+04
1000 847 -2.2585226673e+03
1000 850 -2.2137065071e+03
1000 929 -1.9261330369e+03
1000 941 -2.0598360171e+03
1000 1002 -1.9312190587e+03
1000 1004 -2.0738972865e+03
1001 1001 1.2342826045e+04
1001 841 -2.1840007461e+03
1001 866 -2.2040126274e+03
1001 939 -2.0491913643e+03
1001 1002 -1.9337082407e+03
1001 1046 -1.9145867863e+03
1001 1047 -2.0573262802e+03
1002 1002 1.2414425827e+04
1002 850 -2.0532812461e+03
1002 866 -2.0630254879e+03
1002 939 -2.1986008901e+03
1002 1000 -1.9312190587e+03
1002 1001 -1.9337082407e+03
1002 1004 -2.2345909037e+03
1003 1003 1.2685982443e+04
1003 842 -2.2937260643e+03
1003 866 -2.2226893452e+03
1003 931 -2.0034676729e+03
1003 1004 -2.0711635618e+03
1003 1051 -2.0860559318e+03
1003 1052 -2.0088798670e+03
1004 1004 1.2578398931e+04
1004 847 -1.9535156147e+03
1004 866 -1.9558375786e+03
1004 931 -2.2893939859e+03
1004 1000 -2.0738972865e+03
1004 1002 -2.2345909037e+03
1004 1003 -2.0711635618e+03
1005 1005 1.2121500478e+04
1005 849 -2.2363290288e+03
1005 852 -2.2257087893e+03
1005 936 -1.8512714119e+03
1005 948 -1.9797005764e+03
1005 1007 -1.8328416564e+03
1005 1009 -1.9956490155e+03
1006 1006 1.1967902719e+04
1006 840 -2.2012659782e+03
1006 867 -2.2122806728e+03
1006 946 -1.9583495269e+03
1006 1007 -1.8158050504e+03
1006 1053 -1.8013391737e+03
1006 1054 -1.9788623176e+03
1007 1007 1.2047058126e+04
1007 852 -1.9702947170e+03
1007 867 -1.9902920582e+03
1007 946 -2.2172745723e+03
1007 1005 -1.8328416564e+03
1007 1006 -1.8158050504e+03
1007 1009 -2.2205500718e+03
1008 1008 1.2180749665e+04
1008 841 -2.2220334837e+03
1008 867 -2.2052428668e+03
1008 938 -1.8677293049e+03
1008 1009 -2.0096455069e+03
1008 1058 -2.0222824704e+03
1008 1059 -1.8538160323e+03
1009 1009 1.2147823205e+04
1009 849 -1.8568114282e+03
1009 867 -1.8330264135e+03
1009 938 -2.2321407691e+03
1009 1005 -1.9956490155e+03
1009 1007 -2.2205500718e+03
1009 1008 -2.0096455069e+03
1010 1010 1.1952867958e+04
1010 851 -2.2378878264e+03
1010 854 -2.2244418492e+03
1010 943 -1.7959063151e+03
1010 954 -1.9513431695e+03
1010 1012 -1.7996686358e+03
1010 1014 -1.9436201621e+03
1011 1011 1.1830792580e+04
1011 839 -2.1791789949e+03
1011 868 -2.1958351921e+03
1011 952 -1.9199134742e+03
1011 1012 -1.8036092847e+03
1011 1060 -1.8164541032e+03
1011 1061 -1.9158015309e+03
1012 1012 1.1884638911e+04
1012 854 -1.9369546140e+03
1012 868 -1.9237379042e+03
1012 952 -2.2058617419e+03
1012 1010 -1.7996686358e+03
1012 1011 -1.8036092847e+03
1012 1014 -2.2148067308e+03
1013 1013 1.1883864532e+04
1013 840 -2.2098818385e+03
1013 868 -2.2002529564e+03
1013 945 -1.8026754420e+03
1013 1014 -1.9290590033e+03
1013 1065 -1.9312731131e+03
1013 1066 -1.8107221787e+03
1014 1014 1.1912799914e+04
1014 851 -1.8017498112e+03
1014 868 -1.7946137326e+03
1014 945 -2.2289504736e+03
1014 1010 -1.9436201621e+03
1014 1012 -2.2148067308e+03
1014 1013 -1.9290590033e+03
1015 1015 1.1942518279e+04
1015 856 -2.2316118879e+03
1015 956 -1.8338337389e+03
1015 962 -1.9044547251e+03
1015 1017 -1.8230860683e+03
1015 1018 -1.9110265845e+03
1015 1257 -2.2385052740e+03
1016 1016 1.1816772695e+04
1016 838 -2.1895730833e+03
1016 869 -2.2029988625e+03
1016 960 -1.8884238312e+03
1016 1017 -1.8189450558e+03
1016 1067 -1.8188229633e+03
1016 1068 -1.8980088986e+03
1017 1017 1.1873380574e+04
1017 856 -1.8988734059e+03
1017 869 -1.8980861473e+03
1017 960 -2.2142168712e+03
1017 1015 -1.8230860683e+03
1017 1016 -1.8189450558e+03
1017 1018 -2.2201730250e+03
1018 1018 1.1920175223e+04
1018 869 -1.8181218778e+03
1018 1015 -1.9110265845e+03
1018 1017 -2.2201730250e+03
1018 1257 -1.8335619189e+03
1018 1374 -2.2282037932e+03
1018 1424 -1.9090880240e+03
1019 1019 1.1863347239e+04
1019 855 -2.2057867530e+03
1019 858 -2.1806489569e+03
1019 957 -1.7873589484e+03
1019 969 -1.9557842877e+03
1019 1021 -1.7963504814e+03
1019 1023 -1.9374178116e+03
1020 1020 1.1780493511e+04
1020 837 -2.0784029375e+03
1020 870 -2.1225626710e+03
1020 967 -1.9640803820e+03
1020 1021 -1.8241319043e+03
1020 1070 -1.8556761625e+03
1020 1071 -1.9356394541e+03
1021 1021 1.1803384775e+04
1021 858 -1.9625041357e+03
1021 870 -1.9267549684e+03
1021 967 -2.1313824965e+03
1021 1019 -1.7963504814e+03
1021 1020 -1.8241319043e+03
1021 1023 -2.1622607889e+03
1022 1022 1.1780894169e+04
1022 838 -2.1651575085e+03
1022 870 -2.1497100351e+03
1022 959 -1.8220771538e+03
1022 1023 -1.9093954634e+03
1022 1075 -1.8948338384e+03
1022 1076 -1.8397201702e+03
1023 1023 1.1818270017e+04
1023 855 -1.8063531101e+03
1023 870 -1.8170285384e+03
1023 959 -2.1858143045e+03
1023 1019 -1.9374178116e+03
1023 1021 -2.1622607889e+03
1023 1022 -1.9093954634e+03
1024 1024 1.1790712092e+04
1024 857 -2.1444516429e+03
1024 860 -2.0910340899e+03
1024 964 -1.6883287684e+03
1024 976 -2.1065035704e+03
1024 1026 -1.6978501553e+03
1024 1028 -2.0625438649e+03
1025 1025 1.1503486158e+04
1025 836 -1.8810442924e+03
1025 871 -1.9972656543e+03
1025 974 -2.0899905839e+03
1025 1026 -1.7278801383e+03
1025 1077 -1.7461161855e+03
1025 1078 -2.0611893034e+03
1026 1026 1.1649727248e+04
1026 860 -2.1122825927e+03
1026 871 -2.0694738803e+03
1026 974 -1.9925299147e+03
1026 1024 -1.6978501553e+03
1026 1025 -1.7278801383e+03
1026 1028 -2.0497105664e+03
1027 1027 1.1749254173e+04
1027 837 -2.0548407161e+03
1027 871 -2.0177161658e+03
1027 966 -1.8093846821e+03
1027 1028 -2.0366518567e+03
1027 1082 -1.9908428702e+03
1027 1083 -1.8398178818e+03
1028 1028 1.1761071435e+04
1028 857 -1.7555931003e+03
1028 871 -1.7609533075e+03
1028 966 -2.0956187392e+03
1028 1024 -2.0625438649e+03
1028 1026 -2.0497105664e+03
1028 1027 -2.0366518567e+03
1029 1029 1.1784322872e+04
1029 859 -2.1612889746e+03
1029 862 -2.1064028864e+03
1029 971 -1.4826334843e+03
1029 983 -2.2980497472e+03
1029 1031 -1.5290935922e+03
1029 1033 -2.2068541872e+03
1030 1030 1.1505673680e+04
1030 835 -1.8676246211e+03
1030 872 -1.9006656149e+03
1030 981 -2.2661492620e+03
1030 1031 -1.5829981922e+03
1030 1044 -1.7255558254e+03
1030 1084 -2.1626801646e+03
1031 1031 1.1570664808e+04
1031 862 -2.2966707125e+03
1031 872 -2.1862423097e+03
1031 981 -1.9704605762e+03
1031 1029 -1.5290935922e+03
1031 1030 -1.5829981922e+03
1031 1033 -2.0051994255e+03
1032 1032 1.1393920792e+04
1032 836 -1.9472932996e+03
1032 872 -1.9250766174e+03
1032 973 -1.6456689871e+03
1032 1033 -2.1246964371e+03
1032 1087 -2.0530833694e+03
1032 1088 -1.6981020810e+03
1033 1033 1.1582564659e+04
1033 859 -1.5824584532e+03
1033 872 -1.5927387810e+03
1033 973 -2.0706173747e+03
1033 1029 -2.2068541872e+03
1033 1031 -2.0051994255e+03
1033 1032 -2.1246964371e+03
1034 1034 1.2873312186e+04
1034 842 -2.1177885191e+03
1034 873 -2.0629169401e+03
1034 991 -2.0119285023e+03
1034 1035 -2.3757979534e+03
1034 1051 -2.2723257402e+03
1034 1089 -2.0325545309e+03
1035 1035 1.3432433564e+04
1035 864 -2.1420069183e+03
1035 873 -1.9788414223e+03
1035 991 -2.2477255653e+03
1035 1034 -2.3757979534e+03
1035 1038 -2.0698697852e+03
1035 1040 -2.6181919194e+03
1036 1036 1.0090059078e+04
1036 834 -1.1049701686e+03
1036 873 -1.7501319813e+03
1036 1037 -1.9225792033e+03
1036 1038 -1.7346706308e+03
1036 1092 -1.6916307798e+03
1036 1093 -1.8860763138e+03
1037 1037 1.0238100456e+04
1037 834 -1.0866893340e+03
1037 874 -1.7552608587e+03
1037 1036 -1.9225792033e+03
1037 1038 -1.7933394132e+03
1037 1042 -1.6818580922e+03
1037 1043 -1.9983735544e+03
1038 1038 1.2243685785e+04
1038 873 -2.2177772592e+03
1038 874 -2.3579148962e+03
1038 1035 -2.0698697852e+03
1038 1036 -1.7346706308e+03
1038 1037 -1.7933394132e+03
1038 1040 -2.0701138004e+03
1039 1039 1.8262188613e+04
1039 843 -4.4955627275e+03
1039 874 -2.3795840653e+03
1039 993 -2.6981385219e+03
1039 995 -2.9275829881e+03
1039 1040 -3.0473167663e+03
1039 1041 -2.7140035440e+03
1040 1040 1.5014593598e+04
1040 864 -2.4143810092e+03
1040 874 -2.2986948197e+03
1040 993 -2.5658952828e+03
1040 1035 -2.6181919194e+03
1040 1038 -2.0701138004e+03
1040 1039 -3.0473167663e+03
1041 1041 1.4246789142e+04
1041 865 -2.5527567433e+03
1041 874 -2.5004368040e+03
1041 995 -2.3069107261e+03
1041 1039 -2.7140035440e+03
1041 1043 -1.9451439131e+03
1041 1045 -2.2275374118e+03
1042 1042 9.5340051871e+03
1042 834 -1.2811008444e+03
1042 875 -1.8617234792e+03
1042 1037 -1.6818580922e+03
1042 1043 -1.6119921167e+03
1042 1085 -1.5368127142e+03
1042 1086 -1.5605179404e+03
1043 1043 1.1676455409e+04
1043 874 -2.0661216368e+03
1043 875 -1.8423601709e+03
1043 1037 -1.9983735544e+03
1043 1041 -1.9451439131e+03
1043 1042 -1.6119921167e+03
1043 1045 -2.2124640170e+03
1044 1044 1.1639550464e+04
1044 835 -2.2511450716e+03
1044 875 -2.1481254585e+03
1044 997 -1.7983825004e+03
1044 1030 -1.7255558254e+03
1044 1045 -1.9205486759e+03
1044 1084 -1.7957929322e+03
1045 1045 1.2348076657e+04
1045 865 -1.8741868393e+03
1045 875 -1.7823075347e+03
1045 997 -2.3310321781e+03
1045 1041 -2.2275374118e+03
1045 1043 -2.2124640170e+03
1045 1044 -1.9205486759e+03
1046 1046 1.2293462319e+04
1046 841 -2.0255627336e+03
1046 876 -2.0766020242e+03
1046 1001 -1.9145867863e+03
1046 1047 -2.1715357187e+03
1046 1058 -2.2006610483e+03
1046 1094 -1.9045140077e+03
1047 1047 1.2403538840e+04
1047 866 -1.9719842270e+03
1047 876 -1.9313103912e+03
1047 1001 -2.0573262802e+03
1047 1046 -2.1715357187e+03
1047 1050 -2.0842326430e+03
1047 1052 -2.1871495799e+03
1048 1048 1.2526565228e+04
1048 833 -2.2002171248e+03
1048 876 -2.1161661086e+03
1048 1049 -2.1337629477e+03
1048 1050 -1.9565705558e+03
1048 1097 -1.9327169772e+03
1048 1098 -2.1871315138e+03
1049 1049 1.2512729299e+04
1049 833 -1.9936118841e+03
1049 877 -1.9682305839e+03
1049 1048 -2.1337629477e+03
1049 1050 -2.0947502487e+03
1049 1090 -2.1748794081e+03
1049 1091 -2.1474942267e+03
1050 1050 1.2424719704e+04
1050 876 -2.1552626649e+03
1050 877 -2.1544883924e+03
1050 1047 -2.0842326430e+03
1050 1048 -1.9565705558e+03
1050 1049 -2.0947502487e+03
1050 1052 -1.9794151987e+03
1051 1051 1.2669108768e+04
1051 842 -2.0727000345e+03
1051 877 -2.0021736488e+03
1051 1003 -2.0860559318e+03
1051 1034 -2.2723257402e+03
1051 1052 -2.1962980359e+03
1051 1089 -2.0395553770e+03
1052 1052 1.2517184581e+04
1052 866 -2.0736160266e+03
1052 877 -2.0718258730e+03
1052 1003 -2.0088798670e+03
1052 1047 -2.1871495799e+03
1052 1050 -1.9794151987e+03
1052 1051 -2.1962980359e+03
1053 1053 1.1879583871e+04
1053 840 -1.9472293087e+03
1053 878 -1.9459157942e+03
1053 1006 -1.8013391737e+03
1053 1054 -2.1860702609e+03
1053 1065 -2.1960320835e+03
1053 1099 -1.8029972505e+03
1054 1054 1.1957077018e+04
1054 867 -1.8273429170e+03
1054 878 -1.7907876909e+03
1054 1006 -1.9788623176e+03
1054 1053 -2.1860702609e+03
1054 1057 -1.9852654382e+03
1054 1059 -2.1887483930e+03
1055 1055 1.1837589116e+04
1055 832 -1.9792561659e+03
1055 878 -1.9517366723e+03
1055 1056 -2.1688436706e+03
1055 1057 -1.7811514263e+03
1055 1102 -1.7901328715e+03
1055 1103 -2.1664683092e+03
1056 1056 1.1979746904e+04
1056 832 -1.7911670394e+03
1056 879 -1.8335704623e+03
1056 1055 -2.1688436706e+03
1056 1057 -2.0085287026e+03
1056 1095 -2.0168566862e+03
1056 1096 -2.1607803427e+03
1057 1057 1.1957509411e+04
1057 878 -2.1696179750e+03
1057 879 -2.1885294162e+03
1057 1054 -1.9852654382e+03
1057 1055 -1.7811514263e+03
1057 1056 -2.0085287026e+03
1057 1059 -1.8244164528e+03
1058 1058 1.2198617776e+04
1058 841 -1.8812594309e+03
1058 879 -1.8528517984e+03
1058 1008 -2.0222824704e+03
1058 1046 -2.2006610483e+03
1058 1059 -2.1988358610e+03
1058 1094 -2.0427271671e+03
1059 1059 1.2079802832e+04
1059 867 -1.9984671500e+03
1059 879 -2.0155189431e+03
1059 1008 -1.8538160323e+03
1059 1054 -2.1887483930e+03
1059 1057 -1.8244164528e+03
1059 1058 -2.1988358610e+03
1060 1060 1.1766747063e+04
1060 187 -2.1679100648e+03
1060 225 -1.8179132543e+03
1060 839 -1.9111192099e+03
1060 880 -1.8863435220e+03
1060 1011 -1.8164541032e+03
1060 1061 -2.1670069084e+03
1061 1061 1.1768092380e+04
1061 868 -1.8132939296e+03
1061 880 -1.8001815051e+03
1061 1011 -1.9158015309e+03
1061 1060 -2.1670069084e+03
1061 1064 -1.8963581528e+03
1061 1066 -2.1754503530e+03
1062 1062 1.1565100075e+04
1062 228 -2.1290652190e+03
1062 831 -1.8426178490e+03
1062 880 -1.8790103589e+03
1062 1063 -2.1153852466e+03
1062 1064 -1.7886352277e+03
1062 1104 -1.8103861742e+03
1063 1063 1.1560047960e+04
1063 831 -1.7782136434e+03
1063 881 -1.7989197531e+03
1063 1062 -2.1153852466e+03
1063 1064 -1.8770083642e+03
1063 1100 -1.8543379562e+03
1063 1101 -2.1361829963e+03
1064 1064 1.1675157192e+04
1064 880 -2.1491553697e+03
1064 881 -2.1648295567e+03
1064 1061 -1.8963581528e+03
1064 1062 -1.7886352277e+03
1064 1063 -1.8770083642e+03
1064 1066 -1.7991705204e+03
1065 1065 1.1831180246e+04
1065 840 -1.8113001787e+03
1065 881 -1.7955768605e+03
1065 1013 -1.9312731131e+03
1065 1053 -2.1960320835e+03
1065 1066 -2.1877393024e+03
1065 1099 -1.9092587078e+03
1066 1066 1.1795981867e+04
1066 868 -1.9221848049e+03
1066 881 -1.9007147079e+03
1066 1013 -1.8107221787e+03
1066 1061 -2.1754503530e+03
1066 1064 -1.7991705204e+03
1066 1065 -2.1877393024e+03
1067 1067 1.1738048352e+04
1067 838 -1.8933613075e+03
1067 882 -1.8696205471e+03
1067 1016 -1.8188229633e+03
1067 1068 -2.1745189650e+03
1067 1075 -2.1640484985e+03
1067 1105 -1.8176760701e+03
1068 1068 1.1763716456e+04
1068 869 -1.8223499702e+03
1068 882 -1.8041308789e+03
1068 1016 -1.8980088986e+03
1068 1067 -2.1745189650e+03
1068 1477 -1.8820893004e+03
1068 1479 -2.1826184433e+03
1069 1069 1.1552441797e+04
1069 830 -1.8367594734e+03
1069 882 -1.8654412116e+03
1069 1108 -1.8063247963e+03
1069 1109 -2.1334077204e+03
1069 1476 -2.1208474331e+03
1069 1477 -1.7896611624e+03
1070 1070 1.1786380737e+04
1070 837 -1.9712118615e+03
1070 883 -1.9231046148e+03
1070 1020 -1.8556761625e+03
1070 1071 -2.0782664398e+03
1070 1082 -2.0514343268e+03
1070 1110 -1.9066873313e+03
1071 1071 1.1768739022e+04
1071 870 -1.8537327729e+03
1071 883 -1.8870049709e+03
1071 1020 -1.9356394541e+03
1071 1070 -2.0782664398e+03
1071 1074 -1.8968312587e+03
1071 1076 -2.1172641258e+03
1072 1072 1.1742198733e+04
1072 829 -1.8281458774e+03
1072 883 -1.8823071545e+03
1072 1073 -2.1130596667e+03
1072 1074 -1.9039502656e+03
1072 1113 -1.9342493515e+03
1072 1114 -2.0804864175e+03
1073 1073 1.1660834846e+04
1073 829 -1.8799060499e+03
1073 884 -1.8574708526e+03
1073 1072 -2.1130596667e+03
1073 1074 -1.8585662725e+03
1073 1106 -1.8253433924e+03
1073 1107 -2.1264886115e+03
1074 1074 1.1731739926e+04
1074 883 -2.0899142370e+03
1074 884 -2.1203612165e+03
1074 1071 -1.8968312587e+03
1074 1072 -1.9039502656e+03
1074 1073 -1.8585662725e+03
1074 1076 -1.8621166755e+03
1075 1075 1.1735918068e+04
1075 838 -1.8294606283e+03
1075 884 -1.8388497021e+03
1075 1022 -1.8948338384e+03
1075 1067 -2.1640484985e+03
1075 1076 -2.1392598461e+03
1075 1105 -1.8694655548e+03
1076 1076 1.1751445026e+04
1076 870 -1.9165878698e+03
1076 884 -1.8764963382e+03
1076 1022 -1.8397201702e+03
1076 1071 -2.1172641258e+03
1076 1074 -1.8621166755e+03
1076 1075 -2.1392598461e+03
1077 1077 1.1419105013e+04
1077 836 -2.0775344460e+03
1077 885 -2.0197236772e+03
1077 1025 -1.7461161855e+03
1077 1078 -1.8880333812e+03
1077 1087 -1.8498177323e+03
1077 1115 -1.8378795911e+03
1078 1078 1.1595059795e+04
1078 871 -1.8048557430e+03
1078 885 -1.8634111052e+03
1078 1025 -2.0611893034e+03
1078 1077 -1.8880333812e+03
1078 1081 -2.0160906566e+03
1078 1083 -1.9614796057e+03
1079 1079 1.1980936378e+04
1079 828 -2.0250559594e+03
1079 885 -1.9951674118e+03
1079 1080 -1.9785632200e+03
1079 1081 -1.9565693941e+03
1079 1118 -2.1482074781e+03
1079 1119 -1.8773729141e+03
1080 1080 1.2074448914e+04
1080 828 -2.1250688319e+03
1080 886 -1.9677826010e+03
1080 1079 -1.9785632200e+03
1080 1081 -1.9879653246e+03
1080 1111 -1.9889952869e+03
1080 1112 -2.0260736501e+03
1081 1081 1.1774496286e+04
1081 885 -1.9169335335e+03
1081 886 -2.0075841263e+03
1081 1078 -2.0160906566e+03
1081 1079 -1.9565693941e+03
1081 1080 -1.9879653246e+03
1081 1083 -1.8893532505e+03
1082 1082 1.1792563535e+04
1082 837 -1.8628580320e+03
1082 886 -1.9012849853e+03
1082 1027 -1.9908428702e+03
1082 1070 -2.0514343268e+03
1082 1083 -2.0262548490e+03
1082 1110 -1.9598884720e+03
1083 1083 1.1737292571e+04
1083 871 -2.0200224247e+03
1083 886 -2.0003645593e+03
1083 1027 -1.8398178818e+03
1083 1078 -1.9614796057e+03
1083 1081 -1.8893532505e+03
1083 1082 -2.0262548490e+03
1084 1084 1.1183146107e+04
1084 872 -1.6974857415e+03
1084 875 -1.7172907368e+03
1084 1030 -2.1626801646e+03
1084 1044 -1.7957929322e+03
1084 1086 -1.9941821417e+03
1084 1088 -1.8157143906e+03
1085 1085 9.3160879401e+03
1085 834 -1.1035176756e+03
1085 887 -1.5818673252e+03
1085 1042 -1.5368127142e+03
1085 1086 -1.8145803816e+03
1085 1116 -1.7589218352e+03
1085 1117 -1.5203880082e+03
1086 1086 1.0426215934e+04
1086 875 -1.7119081244e+03
1086 887 -1.6770355345e+03
1086 1042 -1.5605179404e+03
1086 1084 -1.9941821417e+03
1086 1085 -1.8145803816e+03
1086 1088 -1.6679918115e+03
1087 1087 1.1235817090e+04
1087 836 -1.7573381649e+03
1087 887 -1.7428718262e+03
1087 1032 -2.0530833694e+03
1087 1077 -1.8498177323e+03
1087 1088 -1.8296884834e+03
1087 1115 -2.0030175142e+03
1088 1088 1.1063153819e+04
1088 872 -2.0739838025e+03
1088 887 -1.9776732503e+03
1088 1032 -1.6981020810e+03
1088 1084 -1.8157143906e+03
1088 1086 -1.6679918115e+03
1088 1087 -1.8296884834e+03
1089 1089 1.2285368779e+04
1089 873 -2.1256432861e+03
1089 877 -2.1664934818e+03
1089 1034 -2.0325545309e+03
1089 1051 -2.0395553770e+03
1089 1091 -1.9865242444e+03
1089 1093 -1.9345978592e+03
1090 1090 1.2708808963e+04
1090 833 -2.1890401506e+03
1090 888 -2.0931012789e+03
1090 1049 -2.1748794081e+03
1090 1091 -1.9491827541e+03
1090 1120 -2.0500260651e+03
1090 1121 -2.2525793063e+03
1091 1091 1.2189423609e+04
1091 877 -2.0714684222e+03
1091 888 -2.0072773123e+03
1091 1049 -2.1474942267e+03
1091 1089 -1.9865242444e+03
1091 1090 -1.9491827541e+03
1091 1093 -2.0274766494e+03
1092 1092 9.9916992310e+03
1092 834 -1.2641817102e+03
1092 888 -1.8433065543e+03
1092 1036 -1.6916307798e+03
1092 1093 -1.7171217099e+03
1092 1125 -1.7101589960e+03
1092 1126 -1.7652994808e+03
1093 1093 1.1338954703e+04
1093 873 -1.8895020016e+03
1093 888 -1.8841801691e+03
1093 1036 -1.8860763138e+03
1093 1089 -1.9345978592e+03
1093 1091 -2.0274766494e+03
1093 1092 -1.7171217099e+03
1094 1094 1.2264915018e+04
1094 876 -2.1901112599e+03
1094 879 -2.1757183923e+03
1094 1046 -1.9045140077e+03
1094 1058 -2.0427271671e+03
1094 1096 -1.8669245812e+03
1094 1098 -2.0849196098e+03
1095 1095 1.2078299398e+04
1095 832 -2.1388202034e+03
1095 889 -2.1943252631e+03
1095 1056 -2.0168566862e+03
1095 1096 -1.8416395747e+03
1095 1127 -1.7930431014e+03
1095 1128 -2.0936145691e+03
1096 1096 1.2187931087e+04
1096 879 -2.0395255322e+03
1096 889 -2.0933986331e+03
1096 1056 -2.1607803427e+03
1096 1094 -1.8669245812e+03
1096 1095 -1.8416395747e+03
1096 1098 -2.1856624232e+03
1097 1097 1.2655695427e+04
1097 833 -2.2257459577e+03
1097 889 -2.1905075407e+03
1097 1048 -1.9327169772e+03
1097 1098 -2.1442185972e+03
1097 1132 -2.2566325206e+03
1097 1133 -1.9058738341e+03
1098 1098 1.2395032006e+04
1098 876 -1.9150332497e+03
1098 889 -1.8780666123e+03
1098 1048 -2.1871315138e+03
1098 1094 -2.0849196098e+03
1098 1096 -2.1856624232e+03
1098 1097 -2.1442185972e+03
1099 1099 1.1772840284e+04
1099 878 -2.1858523098e+03
1099 881 -2.1599087567e+03
1099 1053 -1.8029972505e+03
1099 1065 -1.9092587078e+03
1099 1101 -1.7917350306e+03
1099 1103 -1.9230882288e+03
1100 1100 1.1496278530e+04
1100 831 -2.0849675517e+03
1100 890 -2.1034536856e+03
1100 1063 -1.8543379562e+03
1100 1101 -1.7809741804e+03
1100 1134 -1.7833498505e+03
1100 1135 -1.8891953056e+03
1101 1101 1.1621687931e+04
1101 881 -1.8844109475e+03
1101 890 -1.8808998870e+03
1101 1063 -2.1361829963e+03
1101 1099 -1.7917350306e+03
1101 1100 -1.7809741804e+03
1101 1103 -2.1474848890e+03
1102 1102 1.1726732837e+04
1102 832 -2.1380269797e+03
1102 890 -2.1219054761e+03
1102 1055 -1.7901328715e+03
1102 1103 -1.9151256108e+03
1102 1139 -1.9569985824e+03
1102 1140 -1.8045433169e+03
1103 1103 1.1726791228e+04
1103 878 -1.8050470614e+03
1103 890 -1.7695771290e+03
1103 1055 -2.1664683092e+03
1103 1099 -1.9230882288e+03
1103 1101 -2.1474848890e+03
1103 1102 -1.9151256108e+03
1104 1104 1.1518655423e+04
1104 54 -2.0918383459e+03
1104 228 -1.8491310395e+03
1104 256 -1.8434998280e+03
1104 831 -2.0777801780e+03
1104 1062 -1.8103861742e+03
1104 1141 -1.8460198572e+03
1105 1105 1.1666579249e+04
1105 882 -2.1445421636e+03
1105 884 -2.1432269617e+03
1105 1067 -1.8176760701e+03
1105 1075 -1.8694655548e+03
1105 1107 -1.8314189499e+03
1105 1109 -1.8602495484e+03
1106 1106 1.1590162543e+04
1106 829 -2.1044199526e+03
1106 891 -2.1005632575e+03
1106 1073 -1.8253433924e+03
1106 1107 -1.8414942236e+03
1106 1143 -1.8833365828e+03
1106 1144 -1.8350051337e+03
1107 1107 1.1600833401e+04
1107 884 -1.8536859079e+03
1107 891 -1.8246645710e+03
1107 1073 -2.1264886115e+03
1107 1105 -1.8314189499e+03
1107 1106 -1.8414942236e+03
1107 1109 -2.1230811373e+03
1108 1108 1.1481529636e+04
1108 830 -2.0836159817e+03
1108 891 -2.0907324802e+03
1108 1069 -1.8063247963e+03
1108 1109 -1.8307681346e+03
1108 1148 -1.8335128407e+03
1108 1149 -1.8365754022e+03
1109 1109 1.1570414124e+04
1109 882 -1.8170740534e+03
1109 891 -1.8058335301e+03
1109 1069 -2.1334077204e+03
1109 1105 -1.8602495484e+03
1109 1107 -2.1230811373e+03
1109 1108 -1.8307681346e+03
1110 1110 1.1836533001e+04
1110 883 -2.0644638287e+03
1110 886 -2.0240301205e+03
1110 1070 -1.9066873313e+03
1110 1082 -1.9598884720e+03
1110 1112 -1.9681457648e+03
1110 1114 -1.9133174835e+03
1111 1111 1.2357392481e+04
1111 828 -2.0824004728e+03
1111 892 -2.0758874040e+03
1111 1080 -1.9889952869e+03
1111 1112 -2.0481667924e+03
1111 1150 -2.2391397060e+03
1111 1151 -1.9228028192e+03
1112 1112 1.1982313370e+04
1112 886 -1.9560541085e+03
1112 892 -1.9166380987e+03
1112 1080 -2.0260736501e+03
1112 1110 -1.9681457648e+03
1112 1111 -2.0481667924e+03
1112 1114 -2.0672349557e+03
1113 1113 1.1855249738e+04
1113 829 -2.0871038394e+03
1113 892 -2.1071964759e+03
1113 1072 -1.9342493515e+03
1113 1114 -1.8770242205e+03
1113 1155 -1.8456160505e+03
1113 1156 -2.0040598002e+03
1114 1114 1.1872955235e+04
1114 883 -1.9360874276e+03
1114 892 -1.9988047302e+03
1114 1072 -2.0804864175e+03
1114 1110 -1.9133174835e+03
1114 1112 -2.0672349557e+03
1114 1113 -1.8770242205e+03
1115 1115 1.1193929033e+04
1115 885 -1.8480531936e+03
1115 887 -1.7320960385e+03
1115 1077 -1.8378795911e+03
1115 1087 -2.0030175142e+03
1115 1117 -1.7806070471e+03
1115 1119 -1.9922756489e+03
1116 1116 9.7491481176e+03
1116 834 -1.0136372889e+03
1116 893 -1.6014934174e+03
1116 1085 -1.7589218352e+03
1116 1117 -1.7143079733e+03
1116 1125 -1.8285333475e+03
1116 1157 -1.8322542553e+03
1117 1117 1.0615662419e+04
1117 887 -1.9223329066e+03
1117 893 -1.9357826208e+03
1117 1085 -1.5203880082e+03
1117 1115 -1.7806070471e+03
1117 1116 -1.7143079733e+03
1117 1119 -1.7422438635e+03
1118 1118 1.2321524181e+04
1118 828 -1.9832541203e+03
1118 893 -1.8690385044e+03
1118 1079 -2.1482074781e+03
1118 1119 -2.0421034166e+03
1118 1160 -2.0640394496e+03
1118 1161 -2.2148812119e+03
1119 1119 1.1553702679e+04
1119 885 -1.9291828193e+03
1119 893 -1.9705240162e+03
1119 1079 -1.8773729141e+03
1119 1115 -1.9922756489e+03
1119 1117 -1.7422438635e+03
1119 1118 -2.0421034166e+03
1120 1120 1.3518355364e+04
1120 833 -2.2736506806e+03
1120 894 -2.4998740021e+03
1120 1090 -2.0500260651e+03
1120 1121 -2.2964140394e+03
1120 1132 -2.2747049148e+03
1120 1162 -2.1236856623e+03
1121 1121 1.3357417868e+04
1121 888 -2.0105153927e+03
1121 894 -2.2237713118e+03
1121 1090 -2.2525793063e+03
1121 1120 -2.2964140394e+03
1121 1124 -2.4146052567e+03
1121 1126 -2.1595325611e+03
1122 1122 1.9643526421e+04
1122 827 -5.1906191320e+03
1122 894 -2.9626881274e+03
1122 1123 -2.9863068151e+03
1122 1124 -2.6849140817e+03
1122 1165 -2.8017365295e+03
1122 1166 -3.0172617355e+03
1123 1123 1.9103633780e+04
1123 827 -4.8543664370e+03
1123 895 -2.6150746909e+03
1123 1122 -2.9863068151e+03
1123 1124 -2.8175482466e+03
1123 1158 -2.8537128854e+03
1123 1159 -2.9766247050e+03
1124 1124 1.5121812885e+04
1124 894 -2.5347717205e+03
1124 895 -2.4767254260e+03
1124 1121 -2.4146052567e+03
1124 1122 -2.6849140817e+03
1124 1123 -2.8175482466e+03
1124 1126 -2.1932481539e+03
1125 1125 1.0251437902e+04
1125 834 -1.1705408321e+03
1125 895 -1.8790783776e+03
1125 1092 -1.7101589960e+03
1125 1116 -1.8285333475e+03
1125 1126 -1.9334649883e+03
1125 1157 -1.7296613604e+03
1126 1126 1.2203735084e+04
1126 888 -2.0319538899e+03
1126 895 -2.1202360095e+03
1126 1092 -1.7652994808e+03
1126 1121 -2.1595325611e+03
1126 1124 -2.1932481539e+03
1126 1125 -1.9334649883e+03
1127 1127 1.1908610956e+04
1127 832 -1.9997940364e+03
1127 896 -2.0151686313e+03
1127 1095 -1.7930431014e+03
1127 1128 -2.1676738968e+03
1127 1139 -2.1151272776e+03
1127 1167 -1.8178040121e+03
1128 1128 1.2257090500e+04
1128 889 -1.8529632293e+03
1128 896 -1.8129927790e+03
1128 1095 -2.0936145691e+03
1128 1127 -2.1676738968e+03
1128 1131 -2.1312713991e+03
1128 1133 -2.1985746270e+03
1129 1129 1.2121470682e+04
1129 826 -2.0668115204e+03
1129 896 -2.0373052929e+03
1129 1130 -2.2463387554e+03
1129 1131 -1.8082399950e+03
1129 1170 -1.8239903736e+03
1129 1171 -2.1387847451e+03
1130 1130 1.2842234306e+04
1130 826 -1.8989491849e+03
1130 897 -1.9848858661e+03
1130 1129 -2.2463387554e+03
1130 1131 -2.2205382189e+03
1130 1163 -2.2438453041e+03
1130 1164 -2.2476769765e+03
1131 1131 1.2525558875e+04
1131 896 -2.1923508482e+03
1131 897 -2.2777806142e+03
1131 1128 -2.1312713991e+03
1131 1129 -1.8082399950e+03
1131 1130 -2.2205382189e+03
1131 1133 -1.8953777999e+03
1132 1132 1.3124142829e+04
1132 833 -1.9463415050e+03
1132 897 -1.9753767821e+03
1132 1097 -2.2566325206e+03
1132 1120 -2.2747049148e+03
1132 1133 -2.2821441342e+03
1132 1162 -2.3889429721e+03
1133 1133 1.2688226806e+04
1133 889 -2.1659901817e+03
1133 897 -2.2402662288e+03
1133 1097 -1.9058738341e+03
1133 1128 -2.1985746270e+03
1133 1131 -1.8953777999e+03
1133 1132 -2.2821441342e+03
1134 1134 1.1391414385e+04
1134 831 -1.8610743676e+03
1134 898 -1.8374394860e+03
1134 1100 -1.7833498505e+03
1134 1135 -2.0436996473e+03
1134 1141 -2.0413431392e+03
1134 1172 -1.8245078944e+03
1135 1135 1.1427019605e+04
1135 890 -1.7903812075e+03
1135 898 -1.7648147652e+03
1135 1100 -1.8891953056e+03
1135 1134 -2.0436996473e+03
1135 1138 -1.8841816160e+03
1135 1140 -2.0547470631e+03
1136 1136 1.1089968907e+04
1136 825 -1.7861526556e+03
1136 898 -1.8670645020e+03
1136 1137 -1.9222939998e+03
1136 1138 -1.7670151495e+03
1136 1173 -1.8274266003e+03
1136 1174 -1.9200159993e+03
1137 1137 1.1080102882e+04
1137 825 -1.7675261402e+03
1137 899 -1.8154551933e+03
1137 1136 -1.9222939998e+03
1137 1138 -1.8571115741e+03
1137 1168 -1.7604149791e+03
1137 1169 -1.9573009958e+03
1138 1138 1.1311306377e+04
1138 898 -1.9884030499e+03
1138 899 -2.0340185078e+03
1138 1135 -1.8841816160e+03
1138 1136 -1.7670151495e+03
1138 1137 -1.8571115741e+03
1138 1140 -1.7805764796e+03
1139 1139 1.1677834298e+04
1139 832 -1.8051523063e+03
1139 899 -1.7745972233e+03
1139 1102 -1.9569985824e+03
1139 1127 -2.1151272776e+03
1139 1140 -2.0914989837e+03
1139 1167 -1.9344599242e+03
1140 1140 1.1546935491e+04
1140 890 -1.9285235885e+03
1140 899 -1.8870460590e+03
1140 1102 -1.8045433169e+03
1140 1135 -2.0547470631e+03
1140 1138 -1.7805764796e+03
1140 1139 -2.0914989837e+03
1141 1141 1.1413264014e+04
1141 61 -1.8157164238e+03
1141 256 -2.0428398218e+03
1141 831 -1.8218181750e+03
1141 1104 -1.8460198572e+03
1141 1134 -2.0413431392e+03
1141 1172 -1.8455265974e+03
1142 1142 1.1395495707e+04
1142 830 -1.8496979513e+03
1142 1148 -2.0463263070e+03
1142 1175 -1.8276820065e+03
1142 1298 -1.8333383682e+03
1142 1506 -1.7885761467e+03
1142 1544 -2.0498749273e+03
1143 1143 1.1560116043e+04
1143 829 -1.8483084284e+03
1143 900 -1.8126868540e+03
1143 1106 -1.8833365828e+03
1143 1144 -2.0605877099e+03
1143 1155 -2.0788259193e+03
1143 1179 -1.8763705484e+03
1144 1144 1.1468660440e+04
1144 891 -1.8523575445e+03
1144 900 -1.8309104161e+03
1144 1106 -1.8350051337e+03
1144 1143 -2.0605877099e+03
1144 1147 -1.8370036662e+03
1144 1149 -2.0527959698e+03
1145 1145 1.1070241221e+04
1145 824 -1.8172051406e+03
1145 900 -1.8574469417e+03
1145 1146 -1.9042102052e+03
1145 1147 -1.7936642008e+03
1145 1182 -1.7402908176e+03
1145 1183 -1.9574239146e+03
1146 1146 1.1073843765e+04
1146 824 -1.7649559983e+03
1146 901 -1.8333179662e+03
1146 1145 -1.9042102052e+03
1146 1147 -1.8289497044e+03
1146 1176 -1.8326578580e+03
1146 1177 -1.9097520326e+03
1147 1147 1.1283826042e+04
1147 900 -2.0136444398e+03
1147 901 -1.9908920295e+03
1147 1144 -1.8370036662e+03
1147 1145 -1.7936642008e+03
1147 1146 -1.8289497044e+03
1147 1149 -1.8196720018e+03
1148 1148 1.1381807873e+04
1148 830 -1.8157586336e+03
1148 901 -1.8081536305e+03
1148 1108 -1.8335128407e+03
1148 1142 -2.0463263070e+03
1148 1149 -2.0441523144e+03
1148 1175 -1.8339041468e+03
1149 1149 1.1408743628e+04
1149 891 -1.8479882619e+03
1149 901 -1.8075596777e+03
1149 1108 -1.8365754022e+03
1149 1144 -2.0527959698e+03
1149 1147 -1.8196720018e+03
1149 1148 -2.0441523144e+03
1150 1150 1.2908116326e+04
1150 828 -2.0122443154e+03
1150 902 -2.0217449431e+03
1150 1111 -2.2391397060e+03
1150 1151 -2.1958861373e+03
1150 1160 -2.1109241527e+03
1150 1184 -2.3281770717e+03
1151 1151 1.2502935352e+04
1151 892 -2.0882162961e+03
1151 902 -2.2101458949e+03
1151 1111 -1.9228028192e+03
1151 1150 -2.1958861373e+03
1151 1154 -1.9365543377e+03
1151 1156 -2.1493298668e+03
1152 1152 1.2756498211e+04
1152 823 -1.9145543565e+03
1152 902 -2.0196473874e+03
1152 1153 -2.1818733415e+03
1152 1154 -2.2048863242e+03
1152 1187 -2.1988361455e+03
1152 1188 -2.2367006560e+03
1153 1153 1.2031962790e+04
1153 823 -2.0071901228e+03
1153 903 -2.0203411733e+03
1153 1152 -2.1818733415e+03
1153 1154 -1.8706752064e+03
1153 1180 -1.8244717399e+03
1153 1181 -2.1274112057e+03
1154 1154 1.2416244898e+04
1154 902 -2.2095010321e+03
1154 903 -2.1239124405e+03
1154 1151 -1.9365543377e+03
1154 1152 -2.2048863242e+03
1154 1153 -1.8706752064e+03
1154 1156 -2.0707155573e+03
1155 1155 1.1758792821e+04
1155 829 -1.9385189968e+03
1155 903 -1.9586198665e+03
1155 1113 -1.8456160505e+03
1155 1143 -2.0788259193e+03
1155 1156 -2.1021367581e+03
1155 1179 -1.8350752301e+03
1156 1156 1.2068561840e+04
1156 892 -1.8975597581e+03
1156 903 -1.8447600991e+03
1156 1113 -2.0040598002e+03
1156 1151 -2.1493298668e+03
1156 1154 -2.0707155573e+03
1156 1155 -2.1021367581e+03
1157 1157 1.2052371324e+04
1157 893 -2.0965070063e+03
1157 895 -2.2599940733e+03
1157 1116 -1.8322542553e+03
1157 1125 -1.7296613604e+03
1157 1159 -2.1805920831e+03
1157 1161 -1.9533625453e+03
1158 1158 1.9762831737e+04
1158 827 -5.3399327319e+03
1158 904 -3.0913199996e+03
1158 1123 -2.8537128854e+03
1158 1159 -2.7751353469e+03
1158 1185 -2.7656145729e+03
1158 1186 -2.9371162005e+03
1159 1159 1.5125447576e+04
1159 895 -2.2819356318e+03
1159 904 -2.4107570548e+03
1159 1123 -2.9766247050e+03
1159 1157 -2.1805920831e+03
1159 1158 -2.7751353469e+03
1159 1161 -2.5004027545e+03
1160 1160 1.3231697932e+04
1160 828 -2.2836303461e+03
1160 904 -2.4722382123e+03
1160 1118 -2.0640394496e+03
1160 1150 -2.1109241527e+03
1160 1161 -2.1274477132e+03
1160 1184 -2.1734180581e+03
1161 1161 1.3110975032e+04
1161 893 -2.0521692223e+03
1161 904 -2.2627115848e+03
1161 1118 -2.2148812119e+03
1161 1157 -1.9533625453e+03
1161 1159 -2.5004027545e+03
1161 1160 -2.1274477132e+03
1162 1162 1.4136436494e+04
1162 894 -2.5382545321e+03
1162 897 -2.3162298713e+03
1162 1120 -2.1236856623e+03
1162 1132 -2.3889429721e+03
1162 1164 -2.1123047724e+03
1162 1166 -2.6570186833e+03
1163 1163 1.3298039656e+04
1163 826 -2.1835558117e+03
1163 905 -2.3975927221e+03
1163 1130 -2.2438453041e+03
1163 1164 -2.1238020373e+03
1163 1189 -1.9476029140e+03
1163 1190 -2.4016408669e+03
1164 1164 1.4082693170e+04
1164 897 -2.3846924321e+03
1164 905 -2.6010366248e+03
1164 1130 -2.2476769765e+03
1164 1162 -2.1123047724e+03
1164 1163 -2.1238020373e+03
1164 1166 -2.6131803263e+03
1165 1165 2.0051410203e+04
1165 827 -5.1713129793e+03
1165 905 -2.9995860828e+03
1165 1122 -2.8017365295e+03
1165 1166 -3.1263554961e+03
1165 1185 -3.0492104886e+03
1165 1193 -2.9032086262e+03
1166 1166 1.6201053301e+04
1166 894 -2.3566297063e+03
1166 905 -2.4306073535e+03
1166 1122 -3.0172617355e+03
1166 1162 -2.6570186833e+03
1166 1164 -2.6131803263e+03
1166 1165 -3.1263554961e+03
1167 1167 1.1628200314e+04
1167 896 -2.1160783890e+03
1167 899 -2.0252367828e+03
1167 1127 -1.8178040121e+03
1167 1139 -1.9344599242e+03
1167 1169 -1.7940305641e+03
1167 1171 -1.9405906422e+03
1168 1168 1.0785722903e+04
1168 825 -1.8563684130e+03
1168 906 -1.9117305006e+03
1168 1137 -1.7604149791e+03
1168 1169 -1.7548996457e+03
1168 1194 -1.7517735751e+03
1168 1195 -1.7505357899e+03
1169 1169 1.1233692125e+04
1169 899 -1.8741984726e+03
1169 906 -1.8387509116e+03
1169 1137 -1.9573009958e+03
1169 1167 -1.7940305641e+03
1169 1168 -1.7548996457e+03
1169 1171 -2.0145115356e+03
1170 1170 1.1501357076e+04
1170 826 -2.1138691878e+03
1170 906 -1.9604477436e+03
1170 1129 -1.8239903736e+03
1170 1171 -1.8698373665e+03
1170 1199 -1.9350318550e+03
1170 1200 -1.7981805493e+03
1171 1171 1.1571918231e+04
1171 896 -1.8295725359e+03
1171 906 -1.7786214052e+03
1171 1129 -2.1387847451e+03
1171 1167 -1.9405906422e+03
1171 1169 -2.0145115356e+03
1171 1170 -1.8698373665e+03
1172 1172 1.1311505065e+04
1172 61 -1.9769846772e+03
1172 290 -1.8284543975e+03
1172 898 -1.9802356133e+03
1172 1134 -1.8245078944e+03
1172 1141 -1.8455265974e+03
1172 1174 -1.8557958853e+03
1173 1173 1.0927597674e+04
1173 71 -1.8471015509e+03
1173 318 -1.7708936651e+03
1173 319 -1.8551750754e+03
1173 825 -1.8168710085e+03
1173 1136 -1.8274266003e+03
1173 1174 -1.8101297739e+03
1174 1174 1.1163014444e+04
1174 71 -1.8176795456e+03
1174 290 -1.9090611590e+03
1174 898 -1.8503320808e+03
1174 1136 -1.9200159993e+03
1174 1172 -1.8557958853e+03
1174 1173 -1.8101297739e+03
1175 1175 1.1299159854e+04
1175 901 -1.9745862459e+03
1175 1142 -1.8276820065e+03
1175 1148 -1.8339041468e+03
1175 1177 -1.8278629391e+03
1175 1178 -1.8483383023e+03
1175 1298 -1.9867862131e+03
1176 1176 1.0888157601e+04
1176 824 -1.8082777832e+03
1176 907 -1.8377309179e+03
1176 1146 -1.8326578580e+03
1176 1177 -1.8218838503e+03
1176 1201 -1.7391504378e+03
1176 1202 -1.8484567542e+03
1177 1177 1.1139134251e+04
1177 901 -1.8495882492e+03
1177 907 -1.8218709350e+03
1177 1146 -1.9097520326e+03
1177 1175 -1.8278629391e+03
1177 1176 -1.8218838503e+03
1177 1178 -1.9081762454e+03
1178 1178 1.1194484049e+04
1178 907 -1.8228746133e+03
1178 1175 -1.8483383023e+03
1178 1177 -1.9081762454e+03
1178 1298 -1.8674240977e+03
1178 1545 -1.9278597516e+03
1178 1573 -1.8198110383e+03
1179 1179 1.1547856632e+04
1179 900 -2.0078657003e+03
1179 903 -2.0945160013e+03
1179 1143 -1.8763705484e+03
1179 1155 -1.8350752301e+03
1179 1181 -1.8911469295e+03
1179 1183 -1.8428822220e+03
1180 1180 1.1431905692e+04
1180 823 -2.1025439556e+03
1180 908 -1.9513296674e+03
1180 1153 -1.8244717399e+03
1180 1181 -1.8451975066e+03
1180 1204 -1.9026562543e+03
1180 1205 -1.8057065680e+03
1181 1181 1.1516434357e+04
1181 903 -1.8536925244e+03
1181 908 -1.7986273694e+03
1181 1153 -2.1274112057e+03
1181 1179 -1.8911469295e+03
1181 1180 -1.8451975066e+03
1181 1183 -2.0003588212e+03
1182 1182 1.0782327164e+04
1182 824 -1.8445040356e+03
1182 908 -1.9086980231e+03
1182 1145 -1.7402908176e+03
1182 1183 -1.7790212276e+03
1182 1209 -1.7887962746e+03
1182 1210 -1.7210167858e+03
1183 1183 1.1202128823e+04
1183 900 -1.8367649690e+03
1183 908 -1.7856776688e+03
1183 1145 -1.9574239146e+03
1183 1179 -1.8428822220e+03
1183 1181 -2.0003588212e+03
1183 1182 -1.7790212276e+03
1184 1184 1.3954897519e+04
1184 902 -2.2261516191e+03
1184 904 -2.4145631531e+03
1184 1150 -2.3281770717e+03
1184 1160 -2.1734180581e+03
1184 1186 -2.6545395083e+03
1184 1188 -2.1580481090e+03
1185 1185 2.0055322512e+04
1185 827 -5.2046963412e+03
1185 909 -2.9756395328e+03
1185 1158 -2.7656145729e+03
1185 1165 -3.0492104886e+03
1185 1186 -3.1386954855e+03
1185 1193 -2.9214660910e+03
1186 1186 1.6119778818e+04
1186 904 -2.4097952864e+03
1186 909 -2.4683083720e+03
1186 1158 -2.9371162005e+03
1186 1184 -2.6545395083e+03
1186 1185 -3.1386954855e+03
1186 1188 -2.5113239650e+03
1187 1187 1.3177145632e+04
1187 823 -2.1548309130e+03
1187 909 -2.3746479882e+03
1187 1152 -2.1988361455e+03
1187 1188 -2.1469224394e+03
1187 1191 -1.9683754889e+03
1187 1192 -2.3335326569e+03
1188 1188 1.3966726480e+04
1188 902 -2.3818193718e+03
1188 909 -2.5319119391e+03
1188 1152 -2.2367006560e+03
1188 1184 -2.1580481090e+03
1188 1186 -2.5113239650e+03
1188 1187 -2.1469224394e+03
1189 1189 1.2308203357e+04
1189 826 -2.0765509602e+03
1189 910 -2.1403328647e+03
1189 1163 -1.9476029140e+03
1189 1190 -2.1514942854e+03
1189 1199 -2.0446726676e+03
1189 1211 -1.9475496655e+03
1190 1190 1.3691527953e+04
1190 905 -2.3108085598e+03
1190 910 -2.0734160116e+03
1190 1163 -2.4016408669e+03
1190 1189 -2.1514942854e+03
1190 1192 -2.3328907533e+03
1190 1193 -2.4212774759e+03
1191 1191 1.2224639195e+04
1191 823 -2.0373084627e+03
1191 910 -2.1257424299e+03
1191 1187 -1.9683754889e+03
1191 1192 -2.1052845468e+03
1191 1204 -2.0300815006e+03
1191 1213 -1.9578467665e+03
1192 1192 1.3639974567e+04
1192 909 -2.3265308425e+03
1192 910 -2.0665082309e+03
1192 1187 -2.3335326569e+03
1192 1190 -2.3328907533e+03
1192 1191 -2.1052845468e+03
1192 1193 -2.4752275361e+03
1193 1193 1.6073275036e+04
1193 905 -2.6826828261e+03
1193 909 -2.6694124808e+03
1193 1165 -2.9032086262e+03
1193 1185 -2.9214660910e+03
1193 1190 -2.4212774759e+03
1193 1192 -2.4752275361e+03
1194 1194 1.0408803252e+04
1194 318 -1.7597481124e+03
1194 345 -1.7682017661e+03
1194 825 -1.7413349863e+03
1194 911 -1.6574520276e+03
1194 1168 -1.7517735751e+03
1194 1195 -1.7302927847e+03
1195 1195 1.0331508617e+04
1195 906 -1.7440255241e+03
1195 911 -1.6700843890e+03
1195 1168 -1.7505357899e+03
1195 1194 -1.7302927847e+03
1195 1198 -1.6216741748e+03
1195 1200 -1.8148959541e+03
1196 1196 8.1692396967e+03
1196 348 -1.4814390131e+03
1196 349 -1.4264046555e+03
1196 822 -9.2611758879e+02
1196 911 -1.4167534797e+03
1196 1197 -1.4392719210e+03
1196 1198 -1.4792530387e+03
1197 1197 8.2426280812e+03
1197 822 -9.9398644766e+02
1197 912 -1.4837763015e+03
1197 1196 -1.4392719210e+03
1197 1198 -1.4334838406e+03
1197 1206 -1.4058652235e+03
1197 1212 -1.4862443470e+03
1198 1198 9.4694462268e+03
1198 911 -1.6228387264e+03
1198 912 -1.6619581202e+03
1198 1195 -1.6216741748e+03
1198 1196 -1.4792530387e+03
1198 1197 -1.4334838406e+03
1198 1200 -1.6502383261e+03
1199 1199 1.1360641222e+04
1199 826 -1.8767586092e+03
1199 912 -1.7612101141e+03
1199 1170 -1.9350318550e+03
1199 1189 -2.0446726676e+03
1199 1200 -1.9001923815e+03
1199 1211 -1.8427755945e+03
1200 1200 1.0637670389e+04
1200 906 -1.7640842132e+03
1200 912 -1.7100789650e+03
1200 1170 -1.7981805493e+03
1200 1195 -1.8148959541e+03
1200 1198 -1.6502383261e+03
1200 1199 -1.9001923815e+03
1201 1201 1.0592748993e+04
1201 824 -1.8305842937e+03
1201 913 -1.8238039851e+03
1201 1176 -1.7391504378e+03
1201 1202 -1.7173328044e+03
1201 1209 -1.7556913282e+03
1201 1214 -1.7261861434e+03
1202 1202 1.0789170591e+04
1202 907 -1.8423904640e+03
1202 913 -1.7990962645e+03
1202 1176 -1.8484567542e+03
1202 1201 -1.7173328044e+03
1202 1595 -1.8300922593e+03
1202 1597 -1.7518020447e+03
1203 1203 1.0786900472e+04
1203 913 -1.8250226407e+03
1203 1217 -1.8717786996e+03
1203 1218 -1.6764967871e+03
1203 1220 -1.9027660672e+03
1203 1594 -1.6782836992e+03
1203 1595 -1.8325525779e+03
1204 1204 1.1311601345e+04
1204 823 -1.8865173530e+03
1204 914 -1.7661885580e+03
1204 1180 -1.9026562543e+03
1204 1191 -2.0300815006e+03
1204 1205 -1.8687805797e+03
1204 1213 -1.8573770997e+03
1205 1205 1.0605237679e+04
1205 908 -1.7633658806e+03
1205 914 -1.6748863690e+03
1205 1180 -1.8057065680e+03
1205 1204 -1.8687805797e+03
1205 1208 -1.6734468063e+03
1205 1210 -1.8190514753e+03
1206 1206 8.2235515307e+03
1206 822 -9.8389852442e+02
1206 914 -1.4815111243e+03
1206 1197 -1.4058652235e+03
1206 1207 -1.4404083674e+03
1206 1208 -1.4080451377e+03
1206 1212 -1.5038231534e+03
1207 1207 8.1155136048e+03
1207 822 -9.0473163678e+02
1207 915 -1.3998501467e+03
1207 1206 -1.4404083674e+03
1207 1208 -1.4869896487e+03
1207 1215 -1.4738317471e+03
1207 1216 -1.4097020581e+03
1208 1208 9.4446761829e+03
1208 914 -1.6745061863e+03
1208 915 -1.6073755505e+03
1208 1205 -1.6734468063e+03
1208 1206 -1.4080451377e+03
1208 1207 -1.4869896487e+03
1208 1210 -1.5943128533e+03
1209 1209 1.0399801212e+04
1209 824 -1.7046361057e+03
1209 915 -1.6436347541e+03
1209 1182 -1.7887962746e+03
1209 1201 -1.7556913282e+03
1209 1210 -1.7540932649e+03
1209 1214 -1.7529494846e+03
1210 1210 1.0340058319e+04
1210 908 -1.7592919780e+03
1210 915 -1.6922919618e+03
1210 1182 -1.7210167858e+03
1210 1205 -1.8190514753e+03
1210 1208 -1.5943128533e+03
1210 1209 -1.7540932649e+03
1211 1211 1.1195648944e+04
1211 910 -1.9840936120e+03
1211 912 -1.7804747688e+03
1211 1189 -1.9475496655e+03
1211 1199 -1.8427755945e+03
1211 1212 -1.7462259858e+03
1211 1213 -1.8945293178e+03
1212 1212 9.7533887524e+03
1212 912 -1.6532075085e+03
1212 914 -1.6352540769e+03
1212 1197 -1.4862443470e+03
1212 1206 -1.5038231534e+03
1212 1211 -1.7462259858e+03
1212 1213 -1.7286336808e+03
1213 1213 1.1190143509e+04
1213 910 -1.9508108300e+03
1213 914 -1.8009458139e+03
1213 1191 -1.9578467665e+03
1213 1204 -1.8573770997e+03
1213 1211 -1.8945293178e+03
1213 1212 -1.7286336808e+03
1214 1214 1.0140824518e+04
1214 913 -1.6832214562e+03
1214 915 -1.6109795087e+03
1214 1201 -1.7261861434e+03
1214 1209 -1.7529494846e+03
1214 1216 -1.5930546166e+03
1214 1218 -1.7744333087e+03
1215 1215 8.1611511759e+03
1215 369 -1.4216227522e+03
1215 387 -1.5178093480e+03
1215 822 -9.2551122170e+02
1215 916 -1.4032648623e+03
1215 1207 -1.4738317471e+03
1215 1216 -1.4191112447e+03
1216 1216 9.2994764667e+03
1216 915 -1.6477348503e+03
1216 916 -1.6652733946e+03
1216 1207 -1.4097020581e+03
1216 1214 -1.5930546166e+03
1216 1215 -1.4191112447e+03
1216 1218 -1.5646003025e+03
1217 1217 1.0789415823e+04
1217 390 -1.8151537477e+03
1217 916 -1.6236383854e+03
1217 1203 -1.8717786996e+03
1217 1218 -1.8157317561e+03
1217 1220 -1.7423044873e+03
1217 1623 -1.9208087471e+03
1218 1218 1.0241221582e+04
1218 913 -1.7302322076e+03
1218 916 -1.6797272198e+03
1218 1203 -1.6764967871e+03
1218 1214 -1.7744333087e+03
1218 1216 -1.5646003025e+03
1218 1217 -1.8157317561e+03
