-3.4541421000e-02	3.4510035000e-02	0.000000e+00
4.9905248000e-02	5.1615424000e-02	0.000000e+00
3.4139585000e-02	-3.3342279000e-02	0.000000e+00
2.7389263000e-03	1.2937821000e-01	0.000000e+00
1.2086053000e-01	1.2348180000e-01	0.000000e+00
1.2857066000e-01	5.2933912000e-03	0.000000e+00
5.3971946000e-02	2.2337928000e-01	0.000000e+00
1.5839088000e-01	2.3312967000e-01	0.000000e+00
2.4304259000e-01	2.4821378000e-01	0.000000e+00
2.2986424000e-01	1.6248445000e-01	0.000000e+00
2.2184971000e-01	5.7950683000e-02	0.000000e+00
1.0169347000e-01	3.1837329000e-01	0.000000e+00
2.0127213000e-01	3.2364523000e-01	0.000000e+00
3.0967948000e-01	3.2006639000e-01	0.000000e+00
3.1975389000e-01	2.0736066000e-01	0.000000e+00
3.1644592000e-01	1.0604770000e-01	0.000000e+00
1.5018983000e-01	4.1052160000e-01	0.000000e+00
2.4913238000e-01	4.1261548000e-01	0.000000e+00
3.3404577000e-01	4.1793373000e-01	0.000000e+00
4.0925580000e-01	3.6437973000e-01	0.000000e+00
4.0856466000e-01	2.5805050000e-01	0.000000e+00
4.0879682000e-01	1.5441395000e-01	0.000000e+00
4.5427275000e-01	1.7784551000e-01	0.000000e+00
4.5424747000e-01	1.2710749000e-01	0.000000e+00
4.5413205000e-01	2.8038186000e-01	0.000000e+00
4.5418507000e-01	2.2887035000e-01	0.000000e+00
4.5423758000e-01	3.8402510000e-01	0.000000e+00
4.5418260000e-01	3.3185154000e-01	0.000000e+00
4.5525482000e-01	4.3820611000e-01	0.000000e+00
3.1925306000e-01	4.5577687000e-01	0.000000e+00
3.6377254000e-01	4.4632909000e-01	0.000000e+00
2.2445405000e-01	4.5596576000e-01	0.000000e+00
2.7290726000e-01	4.5649493000e-01	0.000000e+00
1.2494094000e-01	4.5494622000e-01	0.000000e+00
1.7487192000e-01	4.5545381000e-01	0.000000e+00
4.0829369000e-01	1.0341181000e-01	0.000000e+00
4.0893957000e-01	2.0580004000e-01	0.000000e+00
4.0842605000e-01	3.1106406000e-01	0.000000e+00
4.0914831000e-01	4.1948679000e-01	0.000000e+00
2.9590544000e-01	4.1508868000e-01	0.000000e+00
3.6734974000e-01	3.9506319000e-01	0.000000e+00
2.0000245000e-01	4.1154143000e-01	0.000000e+00
3.6301875000e-01	1.3026661000e-01	0.000000e+00
3.6190280000e-01	7.9223529000e-02	0.000000e+00
3.6377272000e-01	2.3344029000e-01	0.000000e+00
3.6380842000e-01	1.8151857000e-01	0.000000e+00
3.6363772000e-01	3.4279722000e-01	0.000000e+00
3.6240670000e-01	2.8725803000e-01	0.000000e+00
2.7584490000e-01	3.7003627000e-01	0.000000e+00
3.2440242000e-01	3.7769863000e-01	0.000000e+00
1.7581186000e-01	3.6664620000e-01	0.000000e+00
2.2576633000e-01	3.6815593000e-01	0.000000e+00
7.5278819000e-02	3.6306280000e-01	0.000000e+00
1.2578692000e-01	3.6482731000e-01	0.000000e+00
3.1492713000e-01	5.4817732000e-02	0.000000e+00
3.1847242000e-01	1.5687688000e-01	0.000000e+00
3.1774080000e-01	2.5900215000e-01	0.000000e+00
2.5113711000e-01	3.2375172000e-01	0.000000e+00
1.5191942000e-01	3.2121521000e-01	0.000000e+00
5.0680224000e-02	3.1621414000e-01	0.000000e+00
2.6932010000e-01	8.2093157000e-02	0.000000e+00
2.6782563000e-01	2.9884733000e-02	0.000000e+00
2.7576289000e-01	1.8316703000e-01	0.000000e+00
2.7215052000e-01	1.3348484000e-01	0.000000e+00
2.7059129000e-01	2.7703932000e-01	0.000000e+00
2.7745685000e-01	2.3083469000e-01	0.000000e+00
2.2502209000e-01	2.8218195000e-01	0.000000e+00
1.2911339000e-01	2.7480841000e-01	0.000000e+00
1.7822880000e-01	2.7930817000e-01	0.000000e+00
2.5680581000e-02	2.6889113000e-01	0.000000e+00
7.7871084000e-02	2.7118963000e-01	0.000000e+00
2.2090524000e-01	3.9799223000e-03	0.000000e+00
2.2441073000e-01	1.1126217000e-01	0.000000e+00
2.3724677000e-01	2.1028432000e-01	0.000000e+00
2.0559810000e-01	2.4143621000e-01	0.000000e+00
1.0731330000e-01	2.2694546000e-01	0.000000e+00
3.4411398000e-05	2.2192504000e-01	0.000000e+00
1.7482705000e-01	3.2081697000e-02	0.000000e+00
1.7386271000e-01	-2.3133067000e-02	0.000000e+00
1.8057039000e-01	1.4403540000e-01	0.000000e+00
1.7540012000e-01	8.7885343000e-02	0.000000e+00
1.9163612000e-01	1.9541316000e-01	0.000000e+00
8.4477559000e-02	1.7746122000e-01	0.000000e+00
1.4055324000e-01	1.8358554000e-01	0.000000e+00
2.8570320000e-02	1.7609635000e-01	0.000000e+00
1.2483177000e-01	-4.9846947000e-02	0.000000e+00
1.2771444000e-01	5.9956618000e-02	0.000000e+00
5.7154056000e-02	1.2937078000e-01	0.000000e+00
8.1848025000e-02	-1.7607817000e-02	0.000000e+00
7.1534522000e-02	-7.0151500000e-02	0.000000e+00
7.8504048000e-02	8.0573693000e-02	0.000000e+00
8.5235618000e-02	3.2342296000e-02	0.000000e+00
3.0320270000e-02	8.6526722000e-02	0.000000e+00
-1.9391023000e-02	8.2392499000e-02	0.000000e+00
1.8951654000e-02	-8.1113294000e-02	0.000000e+00
4.3832254000e-02	1.3244237000e-02	0.000000e+00
1.1757560000e-02	4.4929929000e-02	0.000000e+00
-2.2388270000e-04	6.3187169000e-04	0.000000e+00
4.7708118000e-01	8.8406660000e-02	0.000000e+00
4.7709015000e-01	1.8912694000e-01	0.000000e+00
4.7712016000e-01	1.6384298000e-01	0.000000e+00
4.3156210000e-01	1.6626672000e-01	0.000000e+00
4.3143657000e-01	1.4075774000e-01	0.000000e+00
4.5429224000e-01	1.5239736000e-01	0.000000e+00
4.7711009000e-01	1.1349428000e-01	0.000000e+00
4.7712705000e-01	1.3863766000e-01	0.000000e+00
4.7705597000e-01	2.9050577000e-01	0.000000e+00
4.7704929000e-01	2.6502734000e-01	0.000000e+00
4.3127891000e-01	2.6956239000e-01	0.000000e+00
4.3140048000e-01	2.4345668000e-01	0.000000e+00
4.5418292000e-01	2.5445467000e-01	0.000000e+00
4.7707090000e-01	2.1431932000e-01	0.000000e+00
4.7708040000e-01	2.3959956000e-01	0.000000e+00
4.7697079000e-01	3.9273125000e-01	0.000000e+00
4.7706342000e-01	3.6675653000e-01	0.000000e+00
4.3166068000e-01	3.7471485000e-01	0.000000e+00
4.3152049000e-01	3.4807462000e-01	0.000000e+00
4.5427808000e-01	3.5770237000e-01	0.000000e+00
4.7705981000e-01	3.1577906000e-01	0.000000e+00
4.7709125000e-01	3.4114748000e-01	0.000000e+00
4.7795814000e-01	4.7037858000e-01	0.000000e+00
4.3204996000e-01	4.6919584000e-01	0.000000e+00
4.5849815000e-01	4.6259898000e-01	0.000000e+00
4.7728139000e-01	4.1837993000e-01	0.000000e+00
4.7791535000e-01	4.4414365000e-01	0.000000e+00
3.1000379000e-01	4.7780675000e-01	0.000000e+00
3.3376804000e-01	4.7660151000e-01	0.000000e+00
3.2751983000e-01	4.3475923000e-01	0.000000e+00
3.4725624000e-01	4.3003702000e-01	0.000000e+00
3.4150890000e-01	4.5292363000e-01	0.000000e+00
3.8199738000e-01	4.6699321000e-01	0.000000e+00
3.5770291000e-01	4.7338784000e-01	0.000000e+00
2.1229085000e-01	4.7788879000e-01	0.000000e+00
2.3696573000e-01	4.7805163000e-01	0.000000e+00
2.3667659000e-01	4.3415290000e-01	0.000000e+00
2.6063234000e-01	4.3481451000e-01	0.000000e+00
2.4883564000e-01	4.5628625000e-01	0.000000e+00
2.8586811000e-01	4.7815242000e-01	0.000000e+00
2.6158020000e-01	4.7816482000e-01	0.000000e+00
1.3744441000e-01	4.7753415000e-01	0.000000e+00
1.3752159000e-01	4.3261617000e-01	0.000000e+00
1.6248499000e-01	4.3305025000e-01	0.000000e+00
1.4994566000e-01	4.5521691000e-01	0.000000e+00
1.8737015000e-01	4.7778845000e-01	0.000000e+00
1.6243751000e-01	4.7766590000e-01	0.000000e+00
4.5416248000e-01	1.0182805000e-01	0.000000e+00
4.0857390000e-01	1.2884483000e-01	0.000000e+00
4.3131593000e-01	1.1533462000e-01	0.000000e+00
4.0803334000e-01	7.8018993000e-02	0.000000e+00
4.3114638000e-01	8.9992985000e-02	0.000000e+00
4.5429125000e-01	2.0324028000e-01	0.000000e+00
4.0885797000e-01	2.3170528000e-01	0.000000e+00
4.3154445000e-01	2.1749198000e-01	0.000000e+00
4.0892628000e-01	1.8002948000e-01	0.000000e+00
4.3158862000e-01	1.9177571000e-01	0.000000e+00
4.5413950000e-01	3.0600965000e-01	0.000000e+00
4.0873644000e-01	3.3765629000e-01	0.000000e+00
4.3135932000e-01	3.2175228000e-01	0.000000e+00
4.0835750000e-01	2.8451213000e-01	0.000000e+00
4.3128112000e-01	2.9552269000e-01	0.000000e+00
4.5440650000e-01	4.1088167000e-01	0.000000e+00
4.0762636000e-01	4.5193499000e-01	0.000000e+00
4.3173149000e-01	4.3103921000e-01	0.000000e+00
4.0968409000e-01	3.9125407000e-01	0.000000e+00
4.3176228000e-01	4.0180495000e-01	0.000000e+00
2.9653046000e-01	4.5659354000e-01	0.000000e+00
2.7295363000e-01	4.1361207000e-01	0.000000e+00
2.8428599000e-01	4.3532404000e-01	0.000000e+00
3.1692153000e-01	4.1665614000e-01	0.000000e+00
3.0660939000e-01	4.3566874000e-01	0.000000e+00
3.4885937000e-01	4.0821800000e-01	0.000000e+00
3.6706191000e-01	4.2032143000e-01	0.000000e+00
3.8771054000e-01	3.8016522000e-01	0.000000e+00
3.8796997000e-01	4.0689969000e-01	0.000000e+00
3.8651612000e-01	4.3510053000e-01	0.000000e+00
1.9976293000e-01	4.5571977000e-01	0.000000e+00
1.7515691000e-01	4.1104218000e-01	0.000000e+00
1.8741272000e-01	4.3342635000e-01	0.000000e+00
2.2473681000e-01	4.1205630000e-01	0.000000e+00
2.1217041000e-01	4.3381047000e-01	0.000000e+00
1.2519653000e-01	4.0989435000e-01	0.000000e+00
1.1250756000e-01	4.3221447000e-01	0.000000e+00
3.8596645000e-01	1.4239983000e-01	0.000000e+00
3.8557097000e-01	1.1682738000e-01	0.000000e+00
3.3988291000e-01	1.1810038000e-01	0.000000e+00
3.3910888000e-01	9.2599034000e-02	0.000000e+00
3.6242759000e-01	1.0472154000e-01	0.000000e+00
3.8480508000e-01	6.5904148000e-02	0.000000e+00
3.8517201000e-01	9.1351487000e-02	0.000000e+00
3.8603702000e-01	2.4606194000e-01	0.000000e+00
3.8630536000e-01	2.1972838000e-01	0.000000e+00
3.4152922000e-01	2.2044918000e-01	0.000000e+00
3.4153962000e-01	1.9470277000e-01	0.000000e+00
3.6388856000e-01	2.0726421000e-01	0.000000e+00
3.8621548000e-01	1.6801344000e-01	0.000000e+00
3.8634595000e-01	1.9372714000e-01	0.000000e+00
3.8667327000e-01	3.5353851000e-01	0.000000e+00
3.8586748000e-01	3.2664043000e-01	0.000000e+00
3.3894020000e-01	3.3212709000e-01	0.000000e+00
3.3812106000e-01	3.0249426000e-01	0.000000e+00
3.6235675000e-01	3.1516105000e-01	0.000000e+00
3.8561329000e-01	2.7271575000e-01	0.000000e+00
3.8545907000e-01	2.9960063000e-01	0.000000e+00
2.6206142000e-01	3.9130130000e-01	0.000000e+00
2.8603485000e-01	3.9314255000e-01	0.000000e+00
2.9103178000e-01	3.4747708000e-01	0.000000e+00
3.1790233000e-01	3.5174090000e-01	0.000000e+00
3.0065015000e-01	3.7269902000e-01	0.000000e+00
3.2989529000e-01	4.0029830000e-01	0.000000e+00
3.0894220000e-01	3.9595139000e-01	0.000000e+00
3.4647891000e-01	3.8511559000e-01	0.000000e+00
3.4278604000e-01	3.5982910000e-01	0.000000e+00
3.6574653000e-01	3.6946508000e-01	0.000000e+00
1.6296718000e-01	3.8845044000e-01	0.000000e+00
1.8794817000e-01	3.8917810000e-01	0.000000e+00
1.8864332000e-01	3.4501088000e-01	0.000000e+00
2.1362217000e-01	3.4570852000e-01	0.000000e+00
2.0078400000e-01	3.6743644000e-01	0.000000e+00
2.3760022000e-01	3.9051995000e-01	0.000000e+00
2.1280602000e-01	3.8981581000e-01	0.000000e+00
8.8397235000e-02	3.4059840000e-01	0.000000e+00
1.1366366000e-01	3.4174708000e-01	0.000000e+00
1.0061892000e-01	3.6393687000e-01	0.000000e+00
1.3797830000e-01	3.8774541000e-01	0.000000e+00
1.1288524000e-01	3.8700971000e-01	0.000000e+00
3.6145541000e-01	5.3741880000e-02	0.000000e+00
3.1559631000e-01	8.0482721000e-02	0.000000e+00
3.3849230000e-01	6.7071587000e-02	0.000000e+00
3.3806080000e-01	4.1458856000e-02	0.000000e+00
3.6348721000e-01	1.5583313000e-01	0.000000e+00
3.1928504000e-01	1.8220304000e-01	0.000000e+00
3.4123203000e-01	1.6911398000e-01	0.000000e+00
3.1750640000e-01	1.3157003000e-01	0.000000e+00
3.4059906000e-01	1.4362626000e-01	0.000000e+00
3.6314887000e-01	2.5996116000e-01	0.000000e+00
3.1474140000e-01	2.8675854000e-01	0.000000e+00
3.3957082000e-01	2.7371168000e-01	0.000000e+00
3.1953430000e-01	2.3290139000e-01	0.000000e+00
3.4093654000e-01	2.4664190000e-01	0.000000e+00
2.5069848000e-01	3.6881408000e-01	0.000000e+00
2.2596264000e-01	3.2406297000e-01	0.000000e+00
2.3861420000e-01	3.4629413000e-01	0.000000e+00
2.7787745000e-01	3.2247335000e-01	0.000000e+00
2.6428014000e-01	3.4651834000e-01	0.000000e+00
1.5087454000e-01	3.6576575000e-01	0.000000e+00
1.2699531000e-01	3.1979361000e-01	0.000000e+00
1.3884777000e-01	3.4287724000e-01	0.000000e+00
1.7672506000e-01	3.2257158000e-01	0.000000e+00
1.6380128000e-01	3.4401554000e-01	0.000000e+00
7.6272808000e-02	3.1717029000e-01	0.000000e+00
6.3003577000e-02	3.3975840000e-01	0.000000e+00
2.9302394000e-01	9.4079748000e-02	0.000000e+00
2.9209018000e-01	6.8293676000e-02	0.000000e+00
2.4566250000e-01	7.0196867000e-02	0.000000e+00
2.4487022000e-01	4.3631349000e-02	0.000000e+00
2.6850352000e-01	5.6077916000e-02	0.000000e+00
2.9148835000e-01	4.2425495000e-02	0.000000e+00
2.9792041000e-01	1.9470112000e-01	0.000000e+00
2.9676491000e-01	1.7004739000e-01	0.000000e+00
2.5337765000e-01	1.7235710000e-01	0.000000e+00
2.5072470000e-01	1.4761072000e-01	0.000000e+00
2.7401432000e-01	1.5862750000e-01	0.000000e+00
2.9416713000e-01	1.1966980000e-01	0.000000e+00
2.9551449000e-01	1.4504027000e-01	0.000000e+00
2.8832212000e-01	2.9610923000e-01	0.000000e+00
2.9420722000e-01	2.6957947000e-01	0.000000e+00
2.5508243000e-01	2.6068273000e-01	0.000000e+00
2.5832880000e-01	2.4065302000e-01	0.000000e+00
2.7561283000e-01	2.5381482000e-01	0.000000e+00
2.9830691000e-01	2.1954262000e-01	0.000000e+00
2.9722166000e-01	2.4423669000e-01	0.000000e+00
2.1355717000e-01	3.0257353000e-01	0.000000e+00
2.3758335000e-01	3.0245420000e-01	0.000000e+00
2.3517728000e-01	2.6336214000e-01	0.000000e+00
2.4758404000e-01	2.8105897000e-01	0.000000e+00
2.6224577000e-01	3.0053511000e-01	0.000000e+00
1.1522745000e-01	2.9641062000e-01	0.000000e+00
1.4030302000e-01	2.9824409000e-01	0.000000e+00
1.4337976000e-01	2.5360385000e-01	0.000000e+00
1.6778855000e-01	2.5672415000e-01	0.000000e+00
1.5395918000e-01	2.7715895000e-01	0.000000e+00
1.8937345000e-01	3.0155444000e-01	0.000000e+00
1.6507420000e-01	3.0001238000e-01	0.000000e+00
3.8227458000e-02	2.9266986000e-01	0.000000e+00
3.9490577000e-02	2.4614976000e-01	0.000000e+00
6.6020913000e-02	2.4743649000e-01	0.000000e+00
5.1918514000e-02	2.6999083000e-01	0.000000e+00
8.9779697000e-02	2.9494065000e-01	0.000000e+00
6.4122424000e-02	2.9370025000e-01	0.000000e+00
2.2134219000e-01	3.0924110000e-02	0.000000e+00
2.4442488000e-01	1.7115600000e-02	0.000000e+00
2.7059004000e-01	1.0804293000e-01	0.000000e+00
2.2667129000e-01	1.3736045000e-01	0.000000e+00
2.4854742000e-01	1.2238706000e-01	0.000000e+00
2.2277482000e-01	8.4814243000e-02	0.000000e+00
2.4688879000e-01	9.6460536000e-02	0.000000e+00
2.7729630000e-01	2.0746645000e-01	0.000000e+00
2.4057421000e-01	2.3135871000e-01	0.000000e+00
2.5780970000e-01	2.1945769000e-01	0.000000e+00
2.3363602000e-01	1.8708926000e-01	0.000000e+00
2.5587001000e-01	1.9655953000e-01	0.000000e+00
2.0210080000e-01	2.8134370000e-01	0.000000e+00
1.8267041000e-01	2.3728299000e-01	0.000000e+00
1.9182199000e-01	2.5964513000e-01	0.000000e+00
2.2637440000e-01	2.4522999000e-01	0.000000e+00
2.1425761000e-01	2.6219609000e-01	0.000000e+00
1.0377407000e-01	2.7286649000e-01	0.000000e+00
8.0850437000e-02	2.2480665000e-01	0.000000e+00
9.2334911000e-02	2.4901035000e-01	0.000000e+00
1.3338655000e-01	2.2955829000e-01	0.000000e+00
1.1820774000e-01	2.5113776000e-01	0.000000e+00
2.6965532000e-02	2.2255659000e-01	0.000000e+00
1.2989627000e-02	2.4551688000e-01	0.000000e+00
1.9820841000e-01	4.5369383000e-02	0.000000e+00
1.9782104000e-01	1.7886288000e-02	0.000000e+00
1.5149195000e-01	1.8612696000e-02	0.000000e+00
1.5079831000e-01	-9.0358127000e-03	0.000000e+00
1.7434438000e-01	4.4737901000e-03	0.000000e+00
1.9737540000e-01	-3.6930330000e-02	0.000000e+00
1.9752754000e-01	-9.4407471000e-03	0.000000e+00
2.0584884000e-01	1.5326810000e-01	0.000000e+00
2.0234792000e-01	1.2691271000e-01	0.000000e+00
1.5323091000e-01	1.3448782000e-01	0.000000e+00
1.5060942000e-01	1.0417726000e-01	0.000000e+00
1.7698161000e-01	1.1626028000e-01	0.000000e+00
1.9875665000e-01	7.2688252000e-02	0.000000e+00
2.0003095000e-01	9.9990465000e-02	0.000000e+00
2.2045635000e-01	2.2497012000e-01	0.000000e+00
1.7438777000e-01	2.1351594000e-01	0.000000e+00
1.9831958000e-01	2.1919633000e-01	0.000000e+00
2.1017647000e-01	1.7841201000e-01	0.000000e+00
2.1525130000e-01	2.0256288000e-01	0.000000e+00
6.8868227000e-02	2.0059179000e-01	0.000000e+00
9.6335180000e-02	2.0237413000e-01	0.000000e+00
1.0112204000e-01	1.5291704000e-01	0.000000e+00
1.3135841000e-01	1.5602414000e-01	0.000000e+00
1.1279213000e-01	1.7949770000e-01	0.000000e+00
1.4938641000e-01	2.0890695000e-01	0.000000e+00
1.2327778000e-01	2.0505387000e-01	0.000000e+00
-1.3192988000e-02	1.9843237000e-01	0.000000e+00
-1.2071007000e-02	1.5159698000e-01	0.000000e+00
1.5525152000e-02	1.5252513000e-01	0.000000e+00
1.0784401000e-03	1.7538458000e-01	0.000000e+00
4.1527845000e-02	1.9970366000e-01	0.000000e+00
1.4163096000e-02	1.9901544000e-01	0.000000e+00
1.7346735000e-01	-5.1053543000e-02	0.000000e+00
1.2713957000e-01	-2.1888988000e-02	0.000000e+00
1.4988357000e-01	-3.6766525000e-02	0.000000e+00
1.2193409000e-01	-7.9873860000e-02	0.000000e+00
1.4876512000e-01	-6.5590173000e-02	0.000000e+00
1.7497054000e-01	5.9753098000e-02	0.000000e+00
1.2526320000e-01	8.8910766000e-02	0.000000e+00
1.5095979000e-01	7.4505426000e-02	0.000000e+00
1.2895943000e-01	3.2497920000e-02	0.000000e+00
1.5152583000e-01	4.6271853000e-02	0.000000e+00
1.8563797000e-01	1.7054716000e-01	0.000000e+00
1.6691746000e-01	1.8913265000e-01	0.000000e+00
1.5967870000e-01	1.6288339000e-01	0.000000e+00
5.6256656000e-02	1.7663544000e-01	0.000000e+00
2.9783329000e-02	1.2990478000e-01	0.000000e+00
4.3108769000e-02	1.5306236000e-01	0.000000e+00
8.6166702000e-02	1.2736830000e-01	0.000000e+00
7.1409158000e-02	1.5285318000e-01	0.000000e+00
-2.4424609000e-02	1.2763226000e-01	0.000000e+00
1.0537670000e-01	-7.0925192000e-03	0.000000e+00
1.0251594000e-01	-3.3642221000e-02	0.000000e+00
5.8047175000e-02	-2.6614223000e-02	0.000000e+00
5.2218039000e-02	-5.1333360000e-02	0.000000e+00
7.7536054000e-02	-4.3390956000e-02	0.000000e+00
9.2680097000e-02	-9.0848975000e-02	0.000000e+00
9.8590292000e-02	-6.1338499000e-02	0.000000e+00
9.7394720000e-02	9.9729277000e-02	0.000000e+00
1.0329998000e-01	7.1950287000e-02	0.000000e+00
6.2326379000e-02	6.4166978000e-02	0.000000e+00
6.5606244000e-02	4.3419667000e-02	0.000000e+00
8.3647333000e-02	5.6351610000e-02	0.000000e+00
1.0656358000e-01	1.9372152000e-02	0.000000e+00
1.0600699000e-01	4.5404099000e-02	0.000000e+00
1.7139873000e-02	1.0752052000e-01	0.000000e+00
4.3024767000e-02	1.0745461000e-01	0.000000e+00
4.1581593000e-02	6.7197584000e-02	0.000000e+00
5.4209620000e-02	8.5257672000e-02	0.000000e+00
6.9475926000e-02	1.0510773000e-01	0.000000e+00
-2.7756479000e-02	5.8418069000e-02	0.000000e+00
-4.5195408000e-02	7.7692308000e-02	0.000000e+00
-9.1071846000e-03	1.0594062000e-01	0.000000e+00
-3.5829619000e-02	1.0294224000e-01	0.000000e+00
6.3202105000e-02	-9.7320557000e-02	0.000000e+00
2.7591296000e-02	-5.7128474000e-02	0.000000e+00
4.4989958000e-02	-7.6675802000e-02	0.000000e+00
3.5409518000e-02	-1.0167775000e-01	0.000000e+00
8.4331557000e-02	7.7976966000e-03	0.000000e+00
4.7369666000e-02	3.4465484000e-02	0.000000e+00
6.4787142000e-02	2.1561584000e-02	0.000000e+00
3.9630421000e-02	-9.7921193000e-03	0.000000e+00
6.2074173000e-02	-1.8830067000e-03	0.000000e+00
5.9760930000e-03	8.5486963000e-02	0.000000e+00
-1.1163780000e-02	4.0357590000e-02	0.000000e+00
-3.3781121000e-03	6.2954821000e-02	0.000000e+00
3.2831788000e-02	4.8772983000e-02	0.000000e+00
1.9806908000e-02	6.5982699000e-02	0.000000e+00
-4.0006552000e-02	1.0980063000e-02	0.000000e+00
1.0694494000e-02	-3.9074183000e-02	0.000000e+00
2.7135465000e-02	2.8504733000e-02	0.000000e+00
-1.7097669000e-02	1.7275371000e-02	0.000000e+00
5.3317118000e-03	2.3099789000e-02	0.000000e+00
1.6656116000e-02	-1.6020384000e-02	0.000000e+00
2.2050321000e-02	6.5879221000e-03	0.000000e+00
-2.2631064000e-02	-5.3864839000e-03	0.000000e+00
-5.8524269000e-03	-2.1772046000e-02	0.000000e+00
-1.2889223000e-01	-4.0259287000e-03	0.000000e+00
-1.1838586000e-01	1.1715402000e-01	0.000000e+00
-2.2157484000e-01	5.1504493000e-02	0.000000e+00
-2.3073429000e-01	1.5668124000e-01	0.000000e+00
-2.4628223000e-01	2.4192095000e-01	0.000000e+00
-1.5985543000e-01	2.2877814000e-01	0.000000e+00
-5.4104634000e-02	2.2153619000e-01	0.000000e+00
-3.1706139000e-01	1.0074540000e-01	0.000000e+00
-3.2221115000e-01	2.0049748000e-01	0.000000e+00
-3.1901136000e-01	3.0918053000e-01	0.000000e+00
-2.0586839000e-01	3.1883848000e-01	0.000000e+00
-1.0394564000e-01	3.1613144000e-01	0.000000e+00
-9.7357237000e-04	3.1508243000e-01	0.000000e+00
-4.0787485000e-01	4.9275890000e-02	0.000000e+00
-4.0978053000e-01	1.4990582000e-01	0.000000e+00
-4.1185164000e-01	2.4893171000e-01	0.000000e+00
-4.1736376000e-01	3.3402815000e-01	0.000000e+00
-3.6399576000e-01	4.0919203000e-01	0.000000e+00
-2.5780722000e-01	4.0795100000e-01	0.000000e+00
-1.5359867000e-01	4.0835419000e-01	0.000000e+00
-5.1551212000e-02	4.0784070000e-01	0.000000e+00
4.9596079000e-02	4.0837464000e-01	0.000000e+00
2.4574909000e-02	4.5406076000e-01	0.000000e+00
7.4806936000e-02	4.5444909000e-01	0.000000e+00
-7.6103576000e-02	4.5397678000e-01	0.000000e+00
-2.5697837000e-02	4.5394897000e-01	0.000000e+00
-1.7754354000e-01	4.5403728000e-01	0.000000e+00
-1.2667467000e-01	4.5404011000e-01	0.000000e+00
-2.8024396000e-01	4.5399451000e-01	0.000000e+00
-2.2868009000e-01	4.5397326000e-01	0.000000e+00
-3.8386497000e-01	4.5421448000e-01	0.000000e+00
-3.3166099000e-01	4.5412844000e-01	0.000000e+00
-4.3812037000e-01	4.5524597000e-01	0.000000e+00
-4.5540696000e-01	3.1924808000e-01	0.000000e+00
-4.4594955000e-01	3.6378592000e-01	0.000000e+00
-4.5556283000e-01	2.2434935000e-01	0.000000e+00
-4.5614716000e-01	2.7286446000e-01	0.000000e+00
-4.5459130000e-01	1.2480892000e-01	0.000000e+00
-4.5506483000e-01	1.7475793000e-01	0.000000e+00
-4.5416218000e-01	7.4662469000e-02	0.000000e+00
1.0007394000e-01	4.0933061000e-01	0.000000e+00
-9.2301943000e-04	4.0786812000e-01	0.000000e+00
-1.0239746000e-01	4.0807495000e-01	0.000000e+00
-2.0520008000e-01	4.0841967000e-01	0.000000e+00
-3.1067416000e-01	4.0819979000e-01	0.000000e+00
-4.1919419000e-01	4.0915230000e-01	0.000000e+00
-4.1449398000e-01	2.9581282000e-01	0.000000e+00
-3.9453471000e-01	3.6732548000e-01	0.000000e+00
-4.1077483000e-01	1.9974896000e-01	0.000000e+00
-4.0869153000e-01	9.9751614000e-02	0.000000e+00
-2.6585635000e-02	3.6155039000e-01	0.000000e+00
2.4431545000e-02	3.6197349000e-01	0.000000e+00
-1.2880725000e-01	3.6261252000e-01	0.000000e+00
-7.7626273000e-02	3.6187553000e-01	0.000000e+00
-2.3245941000e-01	3.6287794000e-01	0.000000e+00
-1.8029583000e-01	3.6316907000e-01	0.000000e+00
-3.4215757000e-01	3.6344028000e-01	0.000000e+00
-2.8650877000e-01	3.6183855000e-01	0.000000e+00
-3.6910185000e-01	2.7555734000e-01	0.000000e+00
-3.7699383000e-01	3.2427397000e-01	0.000000e+00
-3.6556199000e-01	1.7531078000e-01	0.000000e+00
-3.6707851000e-01	2.2533788000e-01	0.000000e+00
-3.6219832000e-01	7.4705347000e-02	0.000000e+00
-3.6381561000e-01	1.2522893000e-01	0.000000e+00
-5.2620839000e-02	3.1506819000e-01	0.000000e+00
-1.5504812000e-01	3.1779948000e-01	0.000000e+00
-2.5771934000e-01	3.1687504000e-01	0.000000e+00
-3.2240263000e-01	2.5048462000e-01	0.000000e+00
-3.1979084000e-01	1.5103255000e-01	0.000000e+00
-3.1516200000e-01	4.9689896000e-02	0.000000e+00
-7.9297334000e-02	2.6895815000e-01	0.000000e+00
-2.6924206000e-02	2.6824960000e-01	0.000000e+00
-1.8102486000e-01	2.7476746000e-01	0.000000e+00
-1.3095331000e-01	2.7134770000e-01	0.000000e+00
-2.7543852000e-01	2.6966602000e-01	0.000000e+00
-2.2902165000e-01	2.7645296000e-01	0.000000e+00
-2.8044960000e-01	2.2398612000e-01	0.000000e+00
-2.7296686000e-01	1.2771089000e-01	0.000000e+00
-2.7746144000e-01	1.7702897000e-01	0.000000e+00
-2.6785702000e-01	2.4102006000e-02	0.000000e+00
-2.6960301000e-01	7.6320529000e-02	0.000000e+00
-1.0787364000e-01	2.2332893000e-01	0.000000e+00
-2.0801522000e-01	2.3602405000e-01	0.000000e+00
-2.3929586000e-01	2.0425980000e-01	0.000000e+00
-2.2458756000e-01	1.0517041000e-01	0.000000e+00
-2.2124754000e-01	-2.4830522000e-03	0.000000e+00
-2.6623148000e-02	1.7464279000e-01	0.000000e+00
-1.4034125000e-01	1.7857128000e-01	0.000000e+00
-8.3119527000e-02	1.7364176000e-01	0.000000e+00
-1.9263415000e-01	1.8996267000e-01	0.000000e+00
-1.7428280000e-01	8.1071474000e-02	0.000000e+00
-1.8038985000e-01	1.3817286000e-01	0.000000e+00
-1.7430414000e-01	2.4560161000e-02	0.000000e+00
-5.2506756000e-02	1.2499176000e-01	0.000000e+00
-1.2520550000e-01	5.1140111000e-02	0.000000e+00
-7.1933001000e-02	7.1379349000e-02	0.000000e+00
-8.2206868000e-02	1.8784510000e-02	0.000000e+00
1.1243685000e-01	4.7738871000e-01	0.000000e+00
1.2234058000e-02	4.7700691000e-01	0.000000e+00
3.7309282000e-02	4.7709298000e-01	0.000000e+00
3.7009638000e-02	4.3117151000e-01	0.000000e+00
6.2219825000e-02	4.3149075000e-01	0.000000e+00
4.9716845000e-02	4.5425054000e-01	0.000000e+00
8.7411888000e-02	4.7729576000e-01	0.000000e+00
6.2373709000e-02	4.7718260000e-01	0.000000e+00
-8.8159129000e-02	4.7699931000e-01	0.000000e+00
-6.3006967000e-02	4.7698757000e-01	0.000000e+00
-6.3906670000e-02	4.3093416000e-01	0.000000e+00
-3.8608804000e-02	4.3089572000e-01	0.000000e+00
-5.0864518000e-02	4.5395416000e-01	0.000000e+00
-1.2816104000e-02	4.7698838000e-01	0.000000e+00
-3.7897564000e-02	4.7698030000e-01	0.000000e+00
-1.8899901000e-01	4.7698230000e-01	0.000000e+00
-1.6367675000e-01	4.7700515000e-01	0.000000e+00
-1.6573147000e-01	4.3120480000e-01	0.000000e+00
-1.4012837000e-01	4.3113202000e-01	0.000000e+00
-1.5201777000e-01	4.5407078000e-01	0.000000e+00
-1.1326475000e-01	4.7701105000e-01	0.000000e+00
-1.3843669000e-01	4.7702014000e-01	0.000000e+00
-2.9042587000e-01	4.7701266000e-01	0.000000e+00
-2.6494193000e-01	4.7698677000e-01	0.000000e+00
-2.6937813000e-01	4.3094760000e-01	0.000000e+00
-2.4320722000e-01	4.3102950000e-01	0.000000e+00
-2.5429648000e-01	4.5398319000e-01	0.000000e+00
-2.1420918000e-01	4.7697005000e-01	0.000000e+00
-2.3950875000e-01	4.7698495000e-01	0.000000e+00
-3.9266092000e-01	4.7695965000e-01	0.000000e+00
-3.6667258000e-01	4.7704625000e-01	0.000000e+00
-3.7446404000e-01	4.3162909000e-01	0.000000e+00
-3.4778515000e-01	4.3144879000e-01	0.000000e+00
-3.5752380000e-01	4.5423967000e-01	0.000000e+00
-3.1568936000e-01	4.7703013000e-01	0.000000e+00
-3.4105775000e-01	4.7706741000e-01	0.000000e+00
-4.7035977000e-01	4.7795454000e-01	0.000000e+00
-4.6911502000e-01	4.3203837000e-01	0.000000e+00
-4.6255061000e-01	4.5848945000e-01	0.000000e+00
-4.1832486000e-01	4.7727659000e-01	0.000000e+00
-4.4410568000e-01	4.7791287000e-01	0.000000e+00
-4.7761834000e-01	3.0999810000e-01	0.000000e+00
-4.7638947000e-01	3.3377230000e-01	0.000000e+00
-4.3425179000e-01	3.2750809000e-01	0.000000e+00
-4.2952606000e-01	3.4726110000e-01	0.000000e+00
-4.5252484000e-01	3.4151971000e-01	0.000000e+00
-4.6676379000e-01	3.8201168000e-01	0.000000e+00
-4.7317052000e-01	3.5771328000e-01	0.000000e+00
-4.7768667000e-01	2.1223830000e-01	0.000000e+00
-4.7786191000e-01	2.3692639000e-01	0.000000e+00
-4.3356326000e-01	2.3652801000e-01	0.000000e+00
-4.3429357000e-01	2.6053444000e-01	0.000000e+00
-4.5591712000e-01	2.4876022000e-01	0.000000e+00
-4.7797048000e-01	2.8585616000e-01	0.000000e+00
-4.7798309000e-01	2.6155075000e-01	0.000000e+00
-4.7722107000e-01	1.1237093000e-01	0.000000e+00
-4.7735181000e-01	1.3738368000e-01	0.000000e+00
-4.3207151000e-01	1.3731591000e-01	0.000000e+00
-4.3248406000e-01	1.6229472000e-01	0.000000e+00
-4.5484474000e-01	1.4981975000e-01	0.000000e+00
-4.7759002000e-01	1.8731596000e-01	0.000000e+00
-4.7747564000e-01	1.6237818000e-01	0.000000e+00
-4.7698051000e-01	3.7235782000e-02	0.000000e+00
-4.3083206000e-01	3.6780573000e-02	0.000000e+00
-4.3108907000e-01	6.1989062000e-02	0.000000e+00
-4.5400286000e-01	4.9567137000e-02	0.000000e+00
-4.7714156000e-01	8.7343521000e-02	0.000000e+00
-4.7704914000e-01	6.2301133000e-02	0.000000e+00
9.9920951000e-02	4.5468006000e-01	0.000000e+00
7.4886918000e-02	4.0881303000e-01	0.000000e+00
8.7400883000e-02	4.3181312000e-01	0.000000e+00
-5.3949316000e-04	4.5396701000e-01	0.000000e+00
-2.6209189000e-02	4.0780345000e-01	0.000000e+00
-1.3364649000e-02	4.3089879000e-01	0.000000e+00
2.4357723000e-02	4.0806353000e-01	0.000000e+00
1.1851479000e-02	4.3100694000e-01	0.000000e+00
-1.0133664000e-01	4.5401111000e-01	0.000000e+00
-1.2791450000e-01	4.0824106000e-01	0.000000e+00
-1.1462180000e-01	4.3108261000e-01	0.000000e+00
-7.6948844000e-02	4.0794790000e-01	0.000000e+00
-8.9220151000e-02	4.3100429000e-01	0.000000e+00
-2.0297852000e-01	4.5406735000e-01	0.000000e+00
-2.3122326000e-01	4.0826836000e-01	0.000000e+00
-2.1712229000e-01	4.3116683000e-01	0.000000e+00
-1.7930873000e-01	4.0846431000e-01	0.000000e+00
-1.9131120000e-01	4.3122661000e-01	0.000000e+00
-3.0582577000e-01	4.5405623000e-01	0.000000e+00
-3.3724895000e-01	4.0860689000e-01	0.000000e+00
-3.2146060000e-01	4.3124405000e-01	0.000000e+00
-2.8416854000e-01	4.0798119000e-01	0.000000e+00
-2.9527089000e-01	4.3106708000e-01	0.000000e+00
-4.1075265000e-01	4.5439529000e-01	0.000000e+00
-4.5170686000e-01	4.0763441000e-01	0.000000e+00
-4.3085584000e-01	4.3172613000e-01	0.000000e+00
-3.9092925000e-01	4.0967390000e-01	0.000000e+00
-4.0158197000e-01	4.3175146000e-01	0.000000e+00
-4.5625702000e-01	2.9651356000e-01	0.000000e+00
-4.1296107000e-01	2.7281940000e-01	0.000000e+00
-4.3484375000e-01	2.8422397000e-01	0.000000e+00
-4.1608876000e-01	3.1687301000e-01	0.000000e+00
-4.3519267000e-01	3.0657145000e-01	0.000000e+00
-4.0765136000e-01	3.4885004000e-01	0.000000e+00
-4.1984710000e-01	3.6707032000e-01	0.000000e+00
-3.7970155000e-01	3.8766870000e-01	0.000000e+00
-4.0648782000e-01	3.8796422000e-01	0.000000e+00
-4.3474901000e-01	3.8652489000e-01	0.000000e+00
-4.5532614000e-01	1.9965030000e-01	0.000000e+00
-4.1029027000e-01	1.7488445000e-01	0.000000e+00
-4.3284997000e-01	1.8722627000e-01	0.000000e+00
-4.1129011000e-01	2.2449811000e-01	0.000000e+00
-4.3322799000e-01	2.1199563000e-01	0.000000e+00
-4.5435792000e-01	9.9776454000e-02	0.000000e+00
-4.0823823000e-01	7.4559964000e-02	0.000000e+00
-4.3135870000e-01	8.7168552000e-02	0.000000e+00
-4.0920404000e-01	1.2488337000e-01	0.000000e+00
-4.3171373000e-01	1.1228257000e-01	0.000000e+00
6.2356882000e-02	3.8567010000e-01	0.000000e+00
8.7669678000e-02	3.8631010000e-01	0.000000e+00
-3.9132800000e-02	3.8473824000e-01	0.000000e+00
-1.3706164000e-02	3.8476968000e-01	0.000000e+00
-1.3922636000e-02	3.3833501000e-01	0.000000e+00
1.1815410000e-02	3.3862367000e-01	0.000000e+00
-1.0422694000e-03	3.6169401000e-01	0.000000e+00
3.7042119000e-02	3.8524476000e-01	0.000000e+00
1.1692645000e-02	3.8493928000e-01	0.000000e+00
-1.4126113000e-01	3.8553602000e-01	0.000000e+00
-1.1559583000e-01	3.8528657000e-01	0.000000e+00
-1.1633340000e-01	3.3953479000e-01	0.000000e+00
-9.0756692000e-02	3.3895484000e-01	0.000000e+00
-1.0318682000e-01	3.6220682000e-01	0.000000e+00
-6.4559139000e-02	3.8484764000e-01	0.000000e+00
-9.0053149000e-02	3.8504055000e-01	0.000000e+00
-2.4542388000e-01	3.8531977000e-01	0.000000e+00
-2.1892844000e-01	3.8562396000e-01	0.000000e+00
-2.1921398000e-01	3.4063229000e-01	0.000000e+00
-1.9332252000e-01	3.4075239000e-01	0.000000e+00
-2.0617323000e-01	3.6314946000e-01	0.000000e+00
-1.6698273000e-01	3.8571301000e-01	0.000000e+00
-1.9281605000e-01	3.8575572000e-01	0.000000e+00
-3.5302776000e-01	3.8656116000e-01	0.000000e+00
-3.2609543000e-01	3.8565156000e-01	0.000000e+00
-3.3133078000e-01	3.3863392000e-01	0.000000e+00
-3.0161241000e-01	3.3756167000e-01	0.000000e+00
-3.1447884000e-01	3.6198744000e-01	0.000000e+00
-2.7212974000e-01	3.8505003000e-01	0.000000e+00
-2.9905364000e-01	3.8507664000e-01	0.000000e+00
-3.9045137000e-01	2.6182100000e-01	0.000000e+00
-3.9239332000e-01	2.8586078000e-01	0.000000e+00
-3.4644815000e-01	2.9068285000e-01	0.000000e+00
-3.5090035000e-01	3.1765401000e-01	0.000000e+00
-3.7188148000e-01	3.0045056000e-01	0.000000e+00
-3.9968532000e-01	3.2984376000e-01	0.000000e+00
-3.9528260000e-01	3.0883572000e-01	0.000000e+00
-3.8449568000e-01	3.4641436000e-01	0.000000e+00
-3.5913071000e-01	3.4262758000e-01	0.000000e+00
-3.6888656000e-01	3.6565313000e-01	0.000000e+00
-3.8754329000e-01	1.6257747000e-01	0.000000e+00
-3.8826004000e-01	1.8758202000e-01	0.000000e+00
-3.4375253000e-01	1.8800393000e-01	0.000000e+00
-3.4446362000e-01	2.1303667000e-01	0.000000e+00
-3.6635247000e-01	2.0030919000e-01	0.000000e+00
-3.8962054000e-01	2.3730148000e-01	0.000000e+00
-3.8889799000e-01	2.1246321000e-01	0.000000e+00
-3.8500211000e-01	6.1918590000e-02	0.000000e+00
-3.8555917000e-01	8.7229498000e-02	0.000000e+00
-3.3952212000e-01	8.7643810000e-02	0.000000e+00
-3.4059435000e-01	1.1292667000e-01	0.000000e+00
-3.6299077000e-01	1.0003614000e-01	0.000000e+00
-3.8687527000e-01	1.3756239000e-01	0.000000e+00
-3.8619235000e-01	1.1244670000e-01	0.000000e+00
-3.8467005000e-01	3.6603209000e-02	0.000000e+00
4.9943358000e-02	3.6242804000e-01	0.000000e+00
2.4929591000e-02	3.1551817000e-01	0.000000e+00
3.7463225000e-02	3.3905193000e-01	0.000000e+00
-5.2117970000e-02	3.6161184000e-01	0.000000e+00
-7.8323349000e-02	3.1547207000e-01	0.000000e+00
-6.5183990000e-02	3.3853588000e-01	0.000000e+00
-2.6828423000e-02	3.1495899000e-01	0.000000e+00
-3.9543405000e-02	3.3834767000e-01	0.000000e+00
-1.5449348000e-01	3.6295971000e-01	0.000000e+00
-1.8053451000e-01	3.1848148000e-01	0.000000e+00
-1.6759758000e-01	3.4056830000e-01	0.000000e+00
-1.2959096000e-01	3.1697771000e-01	0.000000e+00
-1.4197776000e-01	3.4007573000e-01	0.000000e+00
-2.5912133000e-01	3.6240306000e-01	0.000000e+00
-2.8558561000e-01	3.1398714000e-01	0.000000e+00
-2.7271023000e-01	3.3882877000e-01	0.000000e+00
-2.3152867000e-01	3.1858444000e-01	0.000000e+00
-2.4552706000e-01	3.4007603000e-01	0.000000e+00
-3.6778826000e-01	2.5032699000e-01	0.000000e+00
-3.2266265000e-01	2.2524233000e-01	0.000000e+00
-3.4508196000e-01	2.3808253000e-01	0.000000e+00
-3.2121181000e-01	2.7730295000e-01	0.000000e+00
-3.4537759000e-01	2.6382646000e-01	0.000000e+00
-3.6470854000e-01	1.5033028000e-01	0.000000e+00
-3.1840548000e-01	1.2606193000e-01	0.000000e+00
-3.4166303000e-01	1.3812365000e-01	0.000000e+00
-3.2112569000e-01	1.7589045000e-01	0.000000e+00
-3.4276906000e-01	1.6311257000e-01	0.000000e+00
-3.6166787000e-01	4.9349222000e-02	0.000000e+00
-3.1466711000e-01	2.3944076000e-02	0.000000e+00
-3.3823147000e-01	3.6686141000e-02	0.000000e+00
-3.1596792000e-01	7.5282186000e-02	0.000000e+00
-3.3879706000e-01	6.2224165000e-02	0.000000e+00
1.2196006000e-02	2.9194632000e-01	0.000000e+00
-9.1659650000e-02	2.9267323000e-01	0.000000e+00
-6.5796629000e-02	2.9201785000e-01	0.000000e+00
-6.6941567000e-02	2.4532530000e-01	0.000000e+00
-4.0260397000e-02	2.4501996000e-01	0.000000e+00
-5.3171676000e-02	2.6851416000e-01	0.000000e+00
-1.3834223000e-02	2.9167917000e-01	0.000000e+00
-3.9860982000e-02	2.9175150000e-01	0.000000e+00
-1.9288367000e-01	2.9699716000e-01	0.000000e+00
-1.6804923000e-01	2.9592574000e-01	0.000000e+00
-1.6987836000e-01	2.5226206000e-01	0.000000e+00
-1.4489995000e-01	2.4967965000e-01	0.000000e+00
-1.5628718000e-01	2.7309334000e-01	0.000000e+00
-1.1735886000e-01	2.9360816000e-01	0.000000e+00
-1.4287581000e-01	2.9479629000e-01	0.000000e+00
-2.9472834000e-01	2.8754830000e-01	0.000000e+00
-2.6811725000e-01	2.9331616000e-01	0.000000e+00
-2.5888357000e-01	2.5403956000e-01	0.000000e+00
-2.3874733000e-01	2.5727168000e-01	0.000000e+00
-2.5211430000e-01	2.7462998000e-01	0.000000e+00
-2.1787712000e-01	2.9734594000e-01	0.000000e+00
-2.4267840000e-01	2.9627678000e-01	0.000000e+00
-3.0098197000e-01	2.1264009000e-01	0.000000e+00
-3.0090624000e-01	2.3672907000e-01	0.000000e+00
-2.6151547000e-01	2.3406313000e-01	0.000000e+00
-2.7937913000e-01	2.4660906000e-01	0.000000e+00
-2.9904583000e-01	2.6144454000e-01	0.000000e+00
-2.9484767000e-01	1.1404125000e-01	0.000000e+00
-2.9662663000e-01	1.3917786000e-01	0.000000e+00
-2.5147903000e-01	1.4178696000e-01	0.000000e+00
-2.5463855000e-01	1.6634969000e-01	0.000000e+00
-2.7530295000e-01	1.5265772000e-01	0.000000e+00
-2.9992858000e-01	1.8838954000e-01	0.000000e+00
-2.9837847000e-01	1.6401654000e-01	0.000000e+00
-2.9160368000e-01	3.6961552000e-02	0.000000e+00
-2.4482225000e-01	3.7498686000e-02	0.000000e+00
-2.4575560000e-01	6.4076044000e-02	0.000000e+00
-2.6865205000e-01	5.0320182000e-02	0.000000e+00
-2.9348508000e-01	8.8545732000e-02	0.000000e+00
-2.9241806000e-01	6.2851623000e-02	0.000000e+00
-5.8740575000e-04	2.6848769000e-01	0.000000e+00
-2.6925206000e-02	2.2163631000e-01	0.000000e+00
-1.3641585000e-02	2.4508590000e-01	0.000000e+00
-1.0536305000e-01	2.6996768000e-01	0.000000e+00
-1.3423462000e-01	2.2575371000e-01	0.000000e+00
-1.1947253000e-01	2.4762669000e-01	0.000000e+00
-8.1163622000e-02	2.2194584000e-01	0.000000e+00
-9.3347535000e-02	2.4619962000e-01	0.000000e+00
-2.0551458000e-01	2.7627587000e-01	0.000000e+00
-2.2929575000e-01	2.3941566000e-01	0.000000e+00
-2.1741411000e-01	2.5672242000e-01	0.000000e+00
-1.8455656000e-01	2.3234461000e-01	0.000000e+00
-1.9432095000e-01	2.5475207000e-01	0.000000e+00
-2.7954733000e-01	2.0099279000e-01	0.000000e+00
-2.3499216000e-01	1.8116708000e-01	0.000000e+00
-2.5762826000e-01	1.9051713000e-01	0.000000e+00
-2.4321471000e-01	2.2516271000e-01	0.000000e+00
-2.6027584000e-01	2.1306357000e-01	0.000000e+00
-2.7111381000e-01	1.0227583000e-01	0.000000e+00
-2.2260848000e-01	7.8505397000e-02	0.000000e+00
-2.4706642000e-01	9.0459138000e-02	0.000000e+00
-2.2712600000e-01	1.3145697000e-01	0.000000e+00
-2.4906678000e-01	1.1646781000e-01	0.000000e+00
-2.2124857000e-01	2.4416350000e-02	0.000000e+00
-2.4461268000e-01	1.0947178000e-02	0.000000e+00
-4.0804628000e-02	1.9789229000e-01	0.000000e+00
-1.5003996000e-01	2.0424269000e-01	0.000000e+00
-1.2340298000e-01	2.0090301000e-01	0.000000e+00
-1.3027540000e-01	1.5074560000e-01	0.000000e+00
-9.9127389000e-02	1.4788868000e-01	0.000000e+00
-1.1206911000e-01	1.7501542000e-01	0.000000e+00
-6.8355478000e-02	1.9779789000e-01	0.000000e+00
-9.5993273000e-02	1.9866626000e-01	0.000000e+00
-2.2273850000e-01	2.1915095000e-01	0.000000e+00
-2.1088983000e-01	1.7264050000e-01	0.000000e+00
-2.1677630000e-01	1.9682610000e-01	0.000000e+00
-1.7573486000e-01	2.0882939000e-01	0.000000e+00
-2.0008273000e-01	2.1386777000e-01	0.000000e+00
-1.9815846000e-01	6.5895669000e-02	0.000000e+00
-1.9965583000e-01	9.3670987000e-02	0.000000e+00
-1.4880025000e-01	9.7440906000e-02	0.000000e+00
-1.5213898000e-01	1.2846838000e-01	0.000000e+00
-1.7618239000e-01	1.0990499000e-01	0.000000e+00
-2.0616759000e-01	1.4736769000e-01	0.000000e+00
-2.0226009000e-01	1.2093737000e-01	0.000000e+00
-1.9818354000e-01	-1.6424624000e-02	0.000000e+00
-1.5187252000e-01	-1.7241316000e-02	0.000000e+00
-1.5117589000e-01	1.0377211000e-02	0.000000e+00
-1.7473859000e-01	-3.0503622000e-03	0.000000e+00
-1.9782272000e-01	3.8391206000e-02	0.000000e+00
-1.9792339000e-01	1.0899957000e-02	0.000000e+00
-5.4524526000e-02	1.7376240000e-01	0.000000e+00
-8.2542725000e-02	1.2163034000e-01	0.000000e+00
-6.8655968000e-02	1.4870760000e-01	0.000000e+00
-3.9861582000e-02	1.5022452000e-01	0.000000e+00
-1.6736993000e-01	1.8397778000e-01	0.000000e+00
-1.8613540000e-01	1.6494238000e-01	0.000000e+00
-1.5935960000e-01	1.5745208000e-01	0.000000e+00
-1.7391017000e-01	5.2446153000e-02	0.000000e+00
-1.2748663000e-01	2.3137581000e-02	0.000000e+00
-1.5027952000e-01	3.8093042000e-02	0.000000e+00
-1.2229519000e-01	8.1203237000e-02	0.000000e+00
-1.4915681000e-01	6.6952765000e-02	0.000000e+00
-9.3050227000e-02	9.2163280000e-02	0.000000e+00
-6.3603662000e-02	9.8602481000e-02	0.000000e+00
-5.2687913000e-02	5.2414194000e-02	0.000000e+00
-1.0571139000e-01	8.2996655000e-03	0.000000e+00
-1.0288697000e-01	3.4883101000e-02	0.000000e+00
-5.8300670000e-02	2.7389942000e-02	0.000000e+00
-7.7831030000e-02	4.4573169000e-02	0.000000e+00
-9.8970473000e-02	6.2615640000e-02	0.000000e+00
1.1813521000e-01	-1.1571375000e-01	0.000000e+00
1.5939251000e-01	-2.2748230000e-01	0.000000e+00
5.3767219000e-02	-2.2031116000e-01	0.000000e+00
2.2115266000e-01	-5.0056025000e-02	0.000000e+00
2.3032615000e-01	-1.5532428000e-01	0.000000e+00
2.4584268000e-01	-2.4120812000e-01	0.000000e+00
2.0566157000e-01	-3.1794867000e-01	0.000000e+00
1.0372571000e-01	-3.1508061000e-01	0.000000e+00
6.8788155000e-04	-3.1412151000e-01	0.000000e+00
3.1429091000e-01	3.2109742000e-03	0.000000e+00
3.1676719000e-01	-9.9437378000e-02	0.000000e+00
3.2202747000e-01	-1.9960612000e-01	0.000000e+00
3.1882963000e-01	-3.0847216000e-01	0.000000e+00
3.6382109000e-01	-4.0889770000e-01	0.000000e+00
2.5783020000e-01	-4.0737540000e-01	0.000000e+00
1.5344073000e-01	-4.0776098000e-01	0.000000e+00
5.1318005000e-02	-4.0725422000e-01	0.000000e+00
4.0779227000e-01	5.2667350000e-02	0.000000e+00
4.0778250000e-01	-4.8467223000e-02	0.000000e+00
4.0962890000e-01	-1.4899474000e-01	0.000000e+00
4.1143754000e-01	-2.4845813000e-01	0.000000e+00
4.1712227000e-01	-3.3373743000e-01	0.000000e+00
4.3811265000e-01	-4.5516536000e-01	0.000000e+00
4.5520553000e-01	-3.1905556000e-01	0.000000e+00
4.4578874000e-01	-3.6359426000e-01	0.000000e+00
4.5536321000e-01	-2.2404917000e-01	0.000000e+00
4.5592040000e-01	-2.7263528000e-01	0.000000e+00
4.5453191000e-01	-1.2429930000e-01	0.000000e+00
4.5494989000e-01	-1.7431720000e-01	0.000000e+00
4.5385271000e-01	-2.4009574000e-02	0.000000e+00
4.5412070000e-01	-7.4200548000e-02	0.000000e+00
4.5408481000e-01	7.6633058000e-02	0.000000e+00
4.5388687000e-01	2.6258536000e-02	0.000000e+00
7.5963922000e-02	-4.5366409000e-01	0.000000e+00
2.5571683000e-02	-4.5369932000e-01	0.000000e+00
1.7747694000e-01	-4.5371193000e-01	0.000000e+00
1.2655631000e-01	-4.5371628000e-01	0.000000e+00
2.8031117000e-01	-4.5369032000e-01	0.000000e+00
2.2868881000e-01	-4.5364854000e-01	0.000000e+00
3.8386059000e-01	-4.5405126000e-01	0.000000e+00
3.3164158000e-01	-4.5390585000e-01	0.000000e+00
4.1921553000e-01	-4.0893376000e-01	0.000000e+00
4.1419339000e-01	-2.9545176000e-01	0.000000e+00
3.9441070000e-01	-3.6703807000e-01	0.000000e+00
4.1050437000e-01	-1.9908142000e-01	0.000000e+00
4.0856844000e-01	-9.8857448000e-02	0.000000e+00
4.0752059000e-01	2.0225095000e-03	0.000000e+00
7.1563502000e-04	-4.0741128000e-01	0.000000e+00
1.0219972000e-01	-4.0744555000e-01	0.000000e+00
2.0515621000e-01	-4.0786469000e-01	0.000000e+00
3.1067818000e-01	-4.0774488000e-01	0.000000e+00
3.6872867000e-01	-2.7497038000e-01	0.000000e+00
3.7676603000e-01	-3.2383025000e-01	0.000000e+00
3.4207812000e-01	-3.6296767000e-01	0.000000e+00
3.6531723000e-01	-1.7433721000e-01	0.000000e+00
3.6671075000e-01	-2.2457775000e-01	0.000000e+00
3.6200154000e-01	-7.3552802000e-02	0.000000e+00
3.6360130000e-01	-1.2411087000e-01	0.000000e+00
3.6116502000e-01	2.8222192000e-02	0.000000e+00
3.6120349000e-01	-2.2763379000e-02	0.000000e+00
2.6312822000e-02	-3.6075708000e-01	0.000000e+00
1.2864409000e-01	-3.6177838000e-01	0.000000e+00
7.7390410000e-02	-3.6100981000e-01	0.000000e+00
2.3233716000e-01	-3.6212218000e-01	0.000000e+00
1.8018237000e-01	-3.6241049000e-01	0.000000e+00
2.8639337000e-01	-3.6118078000e-01	0.000000e+00
3.2210219000e-01	-2.4973801000e-01	0.000000e+00
3.1953436000e-01	-1.4990896000e-01	0.000000e+00
3.1488183000e-01	-4.8359793000e-02	0.000000e+00
5.2322727000e-02	-3.1405297000e-01	0.000000e+00
1.5487091000e-01	-3.1688076000e-01	0.000000e+00
2.5746870000e-01	-3.1605807000e-01	0.000000e+00
2.8022745000e-01	-2.2311775000e-01	0.000000e+00
2.7506146000e-01	-2.6889628000e-01	0.000000e+00
2.7260914000e-01	-1.2641813000e-01	0.000000e+00
2.7713409000e-01	-1.7592791000e-01	0.000000e+00
2.6757070000e-01	-2.2651570000e-02	0.000000e+00
2.6923975000e-01	-7.4935697000e-02	0.000000e+00
7.8993104000e-02	-2.6784980000e-01	0.000000e+00
2.6603440000e-02	-2.6711944000e-01	0.000000e+00
1.8080628000e-01	-2.7386385000e-01	0.000000e+00
1.3072516000e-01	-2.7032730000e-01	0.000000e+00
2.2871588000e-01	-2.7561229000e-01	0.000000e+00
2.3893821000e-01	-2.0323280000e-01	0.000000e+00
2.2415827000e-01	-1.0375513000e-01	0.000000e+00
-3.7993060000e-04	-2.2062741000e-01	0.000000e+00
1.0759310000e-01	-2.2219354000e-01	0.000000e+00
2.0771337000e-01	-2.3508239000e-01	0.000000e+00
1.9227368000e-01	-1.8868001000e-01	0.000000e+00
1.7385234000e-01	-7.9646766000e-02	0.000000e+00
1.7995366000e-01	-1.3673544000e-01	0.000000e+00
2.6241820000e-02	-1.7332381000e-01	0.000000e+00
1.4004956000e-01	-1.7738584000e-01	0.000000e+00
8.2793489000e-02	-1.7239580000e-01	0.000000e+00
5.2116469000e-02	-1.2371621000e-01	0.000000e+00
4.7036177000e-01	-4.7793496000e-01	0.000000e+00
4.6911481000e-01	-4.3197539000e-01	0.000000e+00
4.6255735000e-01	-4.5844716000e-01	0.000000e+00
4.1827542000e-01	-4.7723004000e-01	0.000000e+00
4.4409630000e-01	-4.7787911000e-01	0.000000e+00
4.7750506000e-01	-3.0989206000e-01	0.000000e+00
4.7626764000e-01	-3.3367082000e-01	0.000000e+00
4.3401387000e-01	-3.2724944000e-01	0.000000e+00
4.2930600000e-01	-3.4700525000e-01	0.000000e+00
4.5232052000e-01	-3.4133199000e-01	0.000000e+00
4.6666345000e-01	-3.8190296000e-01	0.000000e+00
4.7305515000e-01	-3.5761181000e-01	0.000000e+00
4.7759870000e-01	-2.1206160000e-01	0.000000e+00
4.7775623000e-01	-2.3678225000e-01	0.000000e+00
4.3325749000e-01	-2.3612586000e-01	0.000000e+00
4.3398541000e-01	-2.6018837000e-01	0.000000e+00
4.5570648000e-01	-2.4850264000e-01	0.000000e+00
4.7785023000e-01	-2.8574297000e-01	0.000000e+00
4.7787225000e-01	-2.6142481000e-01	0.000000e+00
4.7719657000e-01	-1.1211753000e-01	0.000000e+00
4.7731367000e-01	-1.3713498000e-01	0.000000e+00
4.3196565000e-01	-1.3658632000e-01	0.000000e+00
4.3234226000e-01	-1.6163045000e-01	0.000000e+00
4.5475858000e-01	-1.4934914000e-01	0.000000e+00
4.7751874000e-01	-1.8711111000e-01	0.000000e+00
4.7742420000e-01	-1.6215067000e-01	0.000000e+00
4.7693101000e-01	-1.1951158000e-02	0.000000e+00
4.7697479000e-01	-3.7018102000e-02	0.000000e+00
4.3079102000e-01	-3.6165569000e-02	0.000000e+00
4.3102440000e-01	-6.1339300000e-02	0.000000e+00
4.5397365000e-01	-4.9134262000e-02	0.000000e+00
4.7712031000e-01	-8.7099977000e-02	0.000000e+00
4.7703338000e-01	-6.2074929000e-02	0.000000e+00
4.7702175000e-01	6.3274570000e-02	0.000000e+00
4.3099400000e-01	6.4728886000e-02	0.000000e+00
4.3082964000e-01	3.9440591000e-02	0.000000e+00
4.5396206000e-01	5.1413104000e-02	0.000000e+00
4.7693929000e-01	1.3098153000e-02	0.000000e+00
4.7696844000e-01	3.8173568000e-02	0.000000e+00
-1.2289231000e-02	-4.7690776000e-01	0.000000e+00
8.8087946000e-02	-4.7683972000e-01	0.000000e+00
6.2937558000e-02	-4.7684222000e-01	0.000000e+00
6.3719988000e-02	-4.3047878000e-01	0.000000e+00
3.8422983000e-02	-4.3048751000e-01	0.000000e+00
5.0735991000e-02	-4.5367232000e-01	0.000000e+00
1.2756134000e-02	-4.7687611000e-01	0.000000e+00
3.7833709000e-02	-4.7684914000e-01	0.000000e+00
1.8897654000e-01	-4.7681332000e-01	0.000000e+00
1.6363354000e-01	-4.7683981000e-01	0.000000e+00
1.6562244000e-01	-4.3074945000e-01	0.000000e+00
1.3998473000e-01	-4.3065950000e-01	0.000000e+00
1.5192714000e-01	-4.5375270000e-01	0.000000e+00
1.1319774000e-01	-4.7684979000e-01	0.000000e+00
1.3838352000e-01	-4.7685850000e-01	0.000000e+00
2.9044905000e-01	-4.7687045000e-01	0.000000e+00
2.6496670000e-01	-4.7682697000e-01	0.000000e+00
2.6942870000e-01	-4.3050763000e-01	0.000000e+00
2.4323429000e-01	-4.3057936000e-01	0.000000e+00
2.5432736000e-01	-4.5367467000e-01	0.000000e+00
2.1419960000e-01	-4.7680128000e-01	0.000000e+00
2.3951766000e-01	-4.7682396000e-01	0.000000e+00
3.9245769000e-01	-4.7692686000e-01	0.000000e+00
3.6661819000e-01	-4.7696340000e-01	0.000000e+00
3.7420022000e-01	-4.3147504000e-01	0.000000e+00
3.4778267000e-01	-4.3114650000e-01	0.000000e+00
3.5750654000e-01	-4.5404914000e-01	0.000000e+00
3.1568995000e-01	-4.7690386000e-01	0.000000e+00
3.4104285000e-01	-4.7696218000e-01	0.000000e+00
4.5168573000e-01	-4.0749511000e-01	0.000000e+00
4.3086931000e-01	-4.3158397000e-01	0.000000e+00
3.9083609000e-01	-4.0928856000e-01	0.000000e+00
4.0161714000e-01	-4.3148795000e-01	0.000000e+00
4.1070554000e-01	-4.5427126000e-01	0.000000e+00
4.5604452000e-01	-2.9630762000e-01	0.000000e+00
4.1258767000e-01	-2.7239725000e-01	0.000000e+00
4.3455812000e-01	-2.8391623000e-01	0.000000e+00
4.1583046000e-01	-3.1655926000e-01	0.000000e+00
4.3494293000e-01	-3.0629599000e-01	0.000000e+00
4.0744448000e-01	-3.4855512000e-01	0.000000e+00
4.1969007000e-01	-3.6681521000e-01	0.000000e+00
3.7954143000e-01	-3.8740483000e-01	0.000000e+00
4.0640429000e-01	-3.8772410000e-01	0.000000e+00
4.3465906000e-01	-3.8632426000e-01	0.000000e+00
4.5517492000e-01	-1.9928969000e-01	0.000000e+00
4.1008642000e-01	-1.7410710000e-01	0.000000e+00
4.3266323000e-01	-1.8666145000e-01	0.000000e+00
4.1095239000e-01	-2.2393678000e-01	0.000000e+00
4.3298614000e-01	-2.1151955000e-01	0.000000e+00
4.5430526000e-01	-9.9292934000e-02	0.000000e+00
4.0812650000e-01	-7.3708482000e-02	0.000000e+00
4.3127894000e-01	-8.6489305000e-02	0.000000e+00
4.0906861000e-01	-1.2398691000e-01	0.000000e+00
4.3162167000e-01	-1.1158381000e-01	0.000000e+00
4.5382190000e-01	1.0967212000e-03	0.000000e+00
4.0759200000e-01	2.7313687000e-02	0.000000e+00
4.3071508000e-01	1.4194360000e-02	0.000000e+00
4.0759122000e-01	-2.3249062000e-02	0.000000e+00
4.3071789000e-01	-1.1017434000e-02	0.000000e+00
4.2460981000e-04	-4.5375034000e-01	0.000000e+00
2.5985707000e-02	-4.0727884000e-01	0.000000e+00
1.3193388000e-02	-4.3053788000e-01	0.000000e+00
-1.1998993000e-02	-4.3069196000e-01	0.000000e+00
1.0121230000e-01	-4.5368811000e-01	0.000000e+00
1.2774535000e-01	-4.0763044000e-01	0.000000e+00
1.1446592000e-01	-4.3060720000e-01	0.000000e+00
7.6737218000e-02	-4.0733463000e-01	0.000000e+00
8.9051083000e-02	-4.3053633000e-01	0.000000e+00
2.0295413000e-01	-4.5375526000e-01	0.000000e+00
2.3120652000e-01	-4.0770841000e-01	0.000000e+00
2.1710740000e-01	-4.3072608000e-01	0.000000e+00
1.7921652000e-01	-4.0790251000e-01	0.000000e+00
1.9125305000e-01	-4.3078461000e-01	0.000000e+00
3.0584845000e-01	-4.5380130000e-01	0.000000e+00
3.3723623000e-01	-4.0821159000e-01	0.000000e+00
3.2147291000e-01	-4.3090665000e-01	0.000000e+00
2.8417996000e-01	-4.0746972000e-01	0.000000e+00
2.9529962000e-01	-4.3068323000e-01	0.000000e+00
3.9001986000e-01	-2.6126653000e-01	0.000000e+00
3.9204898000e-01	-2.8539699000e-01	0.000000e+00
3.4613261000e-01	-2.9004705000e-01	0.000000e+00
3.5075492000e-01	-3.1709877000e-01	0.000000e+00
3.7158686000e-01	-2.9995504000e-01	0.000000e+00
3.9944324000e-01	-3.2951033000e-01	0.000000e+00
3.9499313000e-01	-3.0844051000e-01	0.000000e+00
3.8431147000e-01	-3.4605503000e-01	0.000000e+00
3.3116776000e-01	-3.3803844000e-01	0.000000e+00
3.5904226000e-01	-3.4212756000e-01	0.000000e+00
3.5297236000e-01	-3.8615680000e-01	0.000000e+00
3.6876556000e-01	-3.6523679000e-01	0.000000e+00
3.8733035000e-01	-1.6163479000e-01	0.000000e+00
3.8799167000e-01	-1.8675043000e-01	0.000000e+00
3.4351557000e-01	-1.8706328000e-01	0.000000e+00
3.4418553000e-01	-2.1219559000e-01	0.000000e+00
3.6606327000e-01	-1.9946323000e-01	0.000000e+00
3.8922781000e-01	-2.3666954000e-01	0.000000e+00
3.8857660000e-01	-2.1174654000e-01	0.000000e+00
3.8486066000e-01	-6.0923148000e-02	0.000000e+00
3.8540140000e-01	-8.6216450000e-02	0.000000e+00
3.3926827000e-01	-8.6393207000e-02	0.000000e+00
3.4034744000e-01	-1.1172525000e-01	0.000000e+00
3.6278465000e-01	-9.8909102000e-02	0.000000e+00
3.8668749000e-01	-1.3656878000e-01	0.000000e+00
3.8602197000e-01	-1.1143988000e-01	0.000000e+00
3.8452920000e-01	4.0499788000e-02	0.000000e+00
3.8438603000e-01	1.5076102000e-02	0.000000e+00
3.3778358000e-01	1.5844068000e-02	0.000000e+00
3.3780578000e-01	-9.8597445000e-03	0.000000e+00
3.6111647000e-01	2.6957691000e-03	0.000000e+00
3.8455942000e-01	-3.5641495000e-02	0.000000e+00
3.8440046000e-01	-1.0309290000e-02	0.000000e+00
3.8882010000e-02	-3.8404793000e-01	0.000000e+00
1.3475372000e-02	-3.8414401000e-01	0.000000e+00
1.3645717000e-02	-3.3746317000e-01	0.000000e+00
1.4110781000e-01	-3.8482499000e-01	0.000000e+00
1.1541331000e-01	-3.8454947000e-01	0.000000e+00
1.1614277000e-01	-3.3859012000e-01	0.000000e+00
9.0528592000e-02	-3.3799639000e-01	0.000000e+00
1.0298343000e-01	-3.6135501000e-01	0.000000e+00
6.4322874000e-02	-3.8411736000e-01	0.000000e+00
8.9842074000e-02	-3.8430288000e-01	0.000000e+00
2.4536863000e-01	-3.8466915000e-01	0.000000e+00
2.1886483000e-01	-3.8497075000e-01	0.000000e+00
2.1902503000e-01	-3.3978474000e-01	0.000000e+00
1.9316636000e-01	-3.3991724000e-01	0.000000e+00
2.0605829000e-01	-3.6240000000e-01	0.000000e+00
1.6687027000e-01	-3.8503554000e-01	0.000000e+00
1.9272676000e-01	-3.8509610000e-01	0.000000e+00
3.2603627000e-01	-3.8517553000e-01	0.000000e+00
3.0145460000e-01	-3.3687383000e-01	0.000000e+00
3.1437701000e-01	-3.6141309000e-01	0.000000e+00
2.7207544000e-01	-3.8443685000e-01	0.000000e+00
2.9900846000e-01	-3.8452658000e-01	0.000000e+00
3.6738396000e-01	-2.4966083000e-01	0.000000e+00
3.2239828000e-01	-2.2442046000e-01	0.000000e+00
3.4474292000e-01	-2.3733044000e-01	0.000000e+00
3.2090831000e-01	-2.7659735000e-01	0.000000e+00
3.4503374000e-01	-2.6314390000e-01	0.000000e+00
3.6448237000e-01	-1.4929298000e-01	0.000000e+00
3.1812745000e-01	-1.2484736000e-01	0.000000e+00
3.4141624000e-01	-1.3699621000e-01	0.000000e+00
3.2088336000e-01	-1.7487226000e-01	0.000000e+00
3.4252748000e-01	-1.6207634000e-01	0.000000e+00
3.6149013000e-01	-4.8231862000e-02	0.000000e+00
3.1444114000e-01	-2.2629363000e-02	0.000000e+00
3.3802423000e-01	-3.5463892000e-02	0.000000e+00
3.1567350000e-01	-7.3965319000e-02	0.000000e+00
3.3856276000e-01	-6.0992617000e-02	0.000000e+00
3.1451911000e-01	2.9058935000e-02	0.000000e+00
5.1856499000e-02	-3.6078680000e-01	0.000000e+00
7.8056417000e-02	-3.1444496000e-01	0.000000e+00
6.4918861000e-02	-3.3760056000e-01	0.000000e+00
2.6527233000e-02	-3.1397673000e-01	0.000000e+00
3.9264563000e-02	-3.3744422000e-01	0.000000e+00
1.5435517000e-01	-3.6217603000e-01	0.000000e+00
1.8036126000e-01	-3.1760952000e-01	0.000000e+00
1.6744426000e-01	-3.3972663000e-01	0.000000e+00
1.2939583000e-01	-3.1600398000e-01	0.000000e+00
1.4180782000e-01	-3.3919305000e-01	0.000000e+00
2.5897869000e-01	-3.6166710000e-01	0.000000e+00
2.8533635000e-01	-3.1322178000e-01	0.000000e+00
2.7251613000e-01	-3.3806705000e-01	0.000000e+00
2.3127997000e-01	-3.1769511000e-01	0.000000e+00
2.4532595000e-01	-3.3925956000e-01	0.000000e+00
3.0073616000e-01	-2.1174765000e-01	0.000000e+00
3.0065188000e-01	-2.3592629000e-01	0.000000e+00
2.6110017000e-01	-2.3330086000e-01	0.000000e+00
2.5855544000e-01	-2.5335926000e-01	0.000000e+00
2.7915040000e-01	-2.4597217000e-01	0.000000e+00
2.9444620000e-01	-2.8680390000e-01	0.000000e+00
2.9875675000e-01	-2.6070517000e-01	0.000000e+00
2.9452440000e-01	-1.1275342000e-01	0.000000e+00
2.9631177000e-01	-1.3797401000e-01	0.000000e+00
2.5108954000e-01	-1.4047472000e-01	0.000000e+00
2.5425485000e-01	-1.6512924000e-01	0.000000e+00
2.7495685000e-01	-1.5145136000e-01	0.000000e+00
2.9965821000e-01	-1.8739322000e-01	0.000000e+00
2.9808640000e-01	-1.6290879000e-01	0.000000e+00
2.9093865000e-01	-9.5637916000e-03	0.000000e+00
2.9132316000e-01	-3.5582270000e-02	0.000000e+00
2.4446259000e-01	-3.6038566000e-02	0.000000e+00
2.4537177000e-01	-6.2650532000e-02	0.000000e+00
2.6831597000e-01	-4.8909452000e-02	0.000000e+00
2.9315391000e-01	-8.7214470000e-02	0.000000e+00
2.9210415000e-01	-6.1493013000e-02	0.000000e+00
2.9104772000e-01	1.6435042000e-02	0.000000e+00
-1.2447246000e-02	-2.9091510000e-01	0.000000e+00
9.1391958000e-02	-2.9160866000e-01	0.000000e+00
6.5500036000e-02	-2.9095060000e-01	0.000000e+00
6.6622086000e-02	-2.4416976000e-01	0.000000e+00
3.9927334000e-02	-2.4382748000e-01	0.000000e+00
5.2856527000e-02	-2.6739326000e-01	0.000000e+00
1.3542091000e-02	-2.9062879000e-01	0.000000e+00
3.9557233000e-02	-2.9069084000e-01	0.000000e+00
1.9268155000e-01	-2.9611865000e-01	0.000000e+00
1.6785243000e-01	-2.9501531000e-01	0.000000e+00
1.6961728000e-01	-2.5126714000e-01	0.000000e+00
1.4466012000e-01	-2.4865115000e-01	0.000000e+00
1.5606160000e-01	-2.7212325000e-01	0.000000e+00
1.1712670000e-01	-2.9258525000e-01	0.000000e+00
1.4266622000e-01	-2.9382774000e-01	0.000000e+00
2.6781133000e-01	-2.9252577000e-01	0.000000e+00
2.3841661000e-01	-2.5655606000e-01	0.000000e+00
2.5178072000e-01	-2.7380764000e-01	0.000000e+00
2.1763119000e-01	-2.9645905000e-01	0.000000e+00
2.4239524000e-01	-2.9542673000e-01	0.000000e+00
2.7924162000e-01	-2.0001005000e-01	0.000000e+00
2.3460232000e-01	-1.7994162000e-01	0.000000e+00
2.5727436000e-01	-1.8941891000e-01	0.000000e+00
2.4286909000e-01	-2.2429955000e-01	0.000000e+00
2.5993851000e-01	-2.1212305000e-01	0.000000e+00
2.7075219000e-01	-1.0093568000e-01	0.000000e+00
2.2217253000e-01	-7.7079535000e-02	0.000000e+00
2.4667232000e-01	-8.9069203000e-02	0.000000e+00
2.2670886000e-01	-1.3006048000e-01	0.000000e+00
2.4867561000e-01	-1.1511069000e-01	0.000000e+00
2.6760343000e-01	3.6099164000e-03	0.000000e+00
2.2085783000e-01	-2.2933850000e-02	0.000000e+00
2.4430612000e-01	-9.4862375000e-03	0.000000e+00
2.9565860000e-04	-2.6735401000e-01	0.000000e+00
2.6575705000e-02	-2.2037049000e-01	0.000000e+00
1.3319481000e-02	-2.4387628000e-01	0.000000e+00
-1.3289131000e-02	-2.4431184000e-01	0.000000e+00
1.0509730000e-01	-2.6889858000e-01	0.000000e+00
1.3398188000e-01	-2.2432147000e-01	0.000000e+00
1.1921017000e-01	-2.4654891000e-01	0.000000e+00
8.0849648000e-02	-2.2076814000e-01	0.000000e+00
9.3056783000e-02	-2.4507934000e-01	0.000000e+00
2.0523570000e-01	-2.7535340000e-01	0.000000e+00
2.2891209000e-01	-2.3853450000e-01	0.000000e+00
2.1707083000e-01	-2.5583071000e-01	0.000000e+00
1.8422772000e-01	-2.3125458000e-01	0.000000e+00
1.9400828000e-01	-2.5378001000e-01	0.000000e+00
2.1049902000e-01	-1.7131124000e-01	0.000000e+00
2.1647924000e-01	-1.9552867000e-01	0.000000e+00
1.7519437000e-01	-2.0729443000e-01	0.000000e+00
1.9973327000e-01	-2.1275273000e-01	0.000000e+00
2.2237872000e-01	-2.1821341000e-01	0.000000e+00
1.9768870000e-01	-6.4458482000e-02	0.000000e+00
1.9919799000e-01	-9.2231341000e-02	0.000000e+00
1.4841431000e-01	-9.5973551000e-02	0.000000e+00
1.5185758000e-01	-1.2698874000e-01	0.000000e+00
1.7577948000e-01	-1.0846359000e-01	0.000000e+00
2.0575604000e-01	-1.4596486000e-01	0.000000e+00
2.0183226000e-01	-1.1951137000e-01	0.000000e+00
4.0449511000e-02	-1.9660930000e-01	0.000000e+00
1.2827375000e-02	-1.9711481000e-01	0.000000e+00
1.1670955000e-02	-1.5028745000e-01	0.000000e+00
1.4969821000e-01	-2.0302960000e-01	0.000000e+00
1.2300223000e-01	-1.9962549000e-01	0.000000e+00
1.2994064000e-01	-1.4938883000e-01	0.000000e+00
9.8823316000e-02	-1.4660321000e-01	0.000000e+00
1.1174395000e-01	-1.7376287000e-01	0.000000e+00
6.8024203000e-02	-1.9656272000e-01	0.000000e+00
9.5700890000e-02	-1.9747019000e-01	0.000000e+00
1.8558633000e-01	-1.6360050000e-01	0.000000e+00
1.5902482000e-01	-1.5604006000e-01	0.000000e+00
1.6691329000e-01	-1.8258631000e-01	0.000000e+00
5.4164138000e-02	-1.7250356000e-01	0.000000e+00
8.2186617000e-02	-1.2033601000e-01	0.000000e+00
6.8300046000e-02	-1.4744034000e-01	0.000000e+00
2.4014896000e-02	-1.2636121000e-01	0.000000e+00
3.9478242000e-02	-1.4894874000e-01	0.000000e+00
-5.0322738000e-02	-5.0337154000e-02	0.000000e+00
-3.1523460000e-03	-1.2807278000e-01	0.000000e+00
-1.2117947000e-01	-1.2219393000e-01	0.000000e+00
-5.4266896000e-02	-2.2213891000e-01	0.000000e+00
-1.5853018000e-01	-2.3218039000e-01	0.000000e+00
-2.4293427000e-01	-2.4753648000e-01	0.000000e+00
-2.2987533000e-01	-1.6154654000e-01	0.000000e+00
-2.2204345000e-01	-5.6573749000e-02	0.000000e+00
-1.0167191000e-01	-3.1760886000e-01	0.000000e+00
-2.0123802000e-01	-3.2297501000e-01	0.000000e+00
-3.0954379000e-01	-3.1958327000e-01	0.000000e+00
-3.1950128000e-01	-2.0671174000e-01	0.000000e+00
-3.1639066000e-01	-1.0496771000e-01	0.000000e+00
-3.1445339000e-01	-1.9117153000e-03	0.000000e+00
-4.9714856000e-02	-4.0802810000e-01	0.000000e+00
-1.5018936000e-01	-4.0997937000e-01	0.000000e+00
-2.4908026000e-01	-4.1211635000e-01	0.000000e+00
-3.3408424000e-01	-4.1756448000e-01	0.000000e+00
-4.0920824000e-01	-3.6414060000e-01	0.000000e+00
-4.0831825000e-01	-2.5775528000e-01	0.000000e+00
-4.0842459000e-01	-1.5387754000e-01	0.000000e+00
-4.0767935000e-01	-5.1893327000e-02	0.000000e+00
-4.5385930000e-01	2.4423368000e-02	0.000000e+00
-4.5392862000e-01	-7.6245770000e-02	0.000000e+00
-4.5382524000e-01	-2.5850592000e-02	0.000000e+00
-4.5403758000e-01	-1.7762963000e-01	0.000000e+00
-4.5403367000e-01	-1.2679385000e-01	0.000000e+00
-4.5401180000e-01	-2.8025064000e-01	0.000000e+00
-4.5399660000e-01	-2.2871381000e-01	0.000000e+00
-4.5421204000e-01	-3.8391942000e-01	0.000000e+00
-4.5411819000e-01	-3.3172607000e-01	0.000000e+00
-4.5524946000e-01	-4.3815100000e-01	0.000000e+00
-3.1928352000e-01	-4.5552605000e-01	0.000000e+00
-3.6380380000e-01	-4.4607452000e-01	0.000000e+00
-2.2441417000e-01	-4.5567423000e-01	0.000000e+00
-2.7291936000e-01	-4.5626757000e-01	0.000000e+00
-1.2497879000e-01	-4.5468441000e-01	0.000000e+00
-1.7484781000e-01	-4.5514855000e-01	0.000000e+00
-2.4675071000e-02	-4.5387805000e-01	0.000000e+00
-7.4873216000e-02	-4.5425445000e-01	0.000000e+00
-4.0753061000e-01	-1.2481209000e-03	0.000000e+00
-4.0806815000e-01	-1.0273810000e-01	0.000000e+00
-4.0859309000e-01	-2.0541118000e-01	0.000000e+00
-4.0828574000e-01	-3.1081131000e-01	0.000000e+00
-4.0916133000e-01	-4.1930085000e-01	0.000000e+00
-2.9592118000e-01	-4.1472998000e-01	0.000000e+00
-3.6736646000e-01	-3.9474002000e-01	0.000000e+00
-1.9994617000e-01	-4.1101468000e-01	0.000000e+00
-1.0009548000e-01	-4.0891591000e-01	0.000000e+00
-3.6121088000e-01	-2.7172428000e-02	0.000000e+00
-3.6134365000e-01	2.3857791000e-02	0.000000e+00
-3.6278242000e-01	-1.2942439000e-01	0.000000e+00
-3.6182442000e-01	-7.8250900000e-02	0.000000e+00
-3.6345911000e-01	-2.3295151000e-01	0.000000e+00
-3.6348584000e-01	-1.8086244000e-01	0.000000e+00
-3.6355805000e-01	-3.4245250000e-01	0.000000e+00
-3.6218569000e-01	-2.8687122000e-01	0.000000e+00
-2.7580771000e-01	-3.6954689000e-01	0.000000e+00
-3.2439730000e-01	-3.7730560000e-01	0.000000e+00
-1.7575783000e-01	-3.6601222000e-01	0.000000e+00
-2.2570297000e-01	-3.6756545000e-01	0.000000e+00
-7.5316690000e-02	-3.6247316000e-01	0.000000e+00
-1.2575322000e-01	-3.6421752000e-01	0.000000e+00
-2.4609398000e-02	-3.6131126000e-01	0.000000e+00
-3.1494409000e-01	-5.3603090000e-02	0.000000e+00
-3.1829667000e-01	-1.5603104000e-01	0.000000e+00
-3.1749770000e-01	-2.5846091000e-01	0.000000e+00
-2.5104600000e-01	-3.2315621000e-01	0.000000e+00
-1.5190433000e-01	-3.2048935000e-01	0.000000e+00
-5.0802935000e-02	-3.1533822000e-01	0.000000e+00
-2.6933509000e-01	-8.0854133000e-02	0.000000e+00
-2.6795816000e-01	-2.8495442000e-02	0.000000e+00
-2.7563933000e-01	-1.8239430000e-01	0.000000e+00
-2.7210125000e-01	-1.3247390000e-01	0.000000e+00
-2.7042419000e-01	-2.7642745000e-01	0.000000e+00
-2.7729055000e-01	-2.3018655000e-01	0.000000e+00
-2.2494839000e-01	-2.8149325000e-01	0.000000e+00
-1.2920672000e-01	-2.7390087000e-01	0.000000e+00
-1.7826930000e-01	-2.7851731000e-01	0.000000e+00
-2.5929119000e-02	-2.6777169000e-01	0.000000e+00
-7.8036264000e-02	-2.7014521000e-01	0.000000e+00
-2.2447987000e-01	-1.1008062000e-01	0.000000e+00
-2.3719312000e-01	-2.0952797000e-01	0.000000e+00
-2.0559299000e-01	-2.4065165000e-01	0.000000e+00
-1.0753495000e-01	-2.2583814000e-01	0.000000e+00
-1.7519906000e-01	-3.0655667000e-02	0.000000e+00
-1.8071952000e-01	-1.4290400000e-01	0.000000e+00
-1.7564690000e-01	-8.6569227000e-02	0.000000e+00
-1.9172575000e-01	-1.9448330000e-01	0.000000e+00
-8.4798887000e-02	-1.7619829000e-01	0.000000e+00
-1.4076857000e-01	-1.8247892000e-01	0.000000e+00
-2.8950237000e-02	-1.7473952000e-01	0.000000e+00
-1.2807003000e-01	-5.8627557000e-02	0.000000e+00
-5.7544652000e-02	-1.2804729000e-01	0.000000e+00
-7.8890100000e-02	-7.9274602000e-02	0.000000e+00
-8.5601658000e-02	-3.1090822000e-02	0.000000e+00
-3.0750982000e-02	-8.5220858000e-02	0.000000e+00
-4.4271946000e-02	-1.2014388000e-02	0.000000e+00
-1.2233529000e-02	-4.3629892000e-02	0.000000e+00
-4.7692120000e-01	1.2157883000e-02	0.000000e+00
-4.7698221000e-01	-8.8222459000e-02	0.000000e+00
-4.7695220000e-01	-6.3077308000e-02	0.000000e+00
-4.3084356000e-01	-6.4147227000e-02	0.000000e+00
-4.3073672000e-01	-3.8846221000e-02	0.000000e+00
-4.5386761000e-01	-5.1017400000e-02	0.000000e+00
-4.7691685000e-01	-1.2892326000e-02	0.000000e+00
-4.7692719000e-01	-3.7972718000e-02	0.000000e+00
-4.7697461000e-01	-1.8903400000e-01	0.000000e+00
-4.7700059000e-01	-1.6372073000e-01	0.000000e+00
-4.3123740000e-01	-1.6589983000e-01	0.000000e+00
-4.3114892000e-01	-1.4032395000e-01	0.000000e+00
-4.5407575000e-01	-1.5212873000e-01	0.000000e+00
-4.7700137000e-01	-1.1332397000e-01	0.000000e+00
-4.7701713000e-01	-1.3849191000e-01	0.000000e+00
-4.7700313000e-01	-2.9044235000e-01	0.000000e+00
-4.7697464000e-01	-2.6495972000e-01	0.000000e+00
-4.3109745000e-01	-2.6935506000e-01	0.000000e+00
-4.3116674000e-01	-2.4322240000e-01	0.000000e+00
-4.5403194000e-01	-2.5431004000e-01	0.000000e+00
-4.7696435000e-01	-2.1423641000e-01	0.000000e+00
-4.7699243000e-01	-2.3952489000e-01	0.000000e+00
-4.7695807000e-01	-3.9268386000e-01	0.000000e+00
-4.7704220000e-01	-3.6670017000e-01	0.000000e+00
-4.3163067000e-01	-3.7455675000e-01	0.000000e+00
-4.3145403000e-01	-3.4789219000e-01	0.000000e+00
-4.5423687000e-01	-3.5758692000e-01	0.000000e+00
-4.7701737000e-01	-3.1571555000e-01	0.000000e+00
-4.7706190000e-01	-3.4108773000e-01	0.000000e+00
-4.7795582000e-01	-4.7036645000e-01	0.000000e+00
-4.3204501000e-01	-4.6914336000e-01	0.000000e+00
-4.5849296000e-01	-4.6256775000e-01	0.000000e+00
-4.7727653000e-01	-4.1834408000e-01	0.000000e+00
-4.7791359000e-01	-4.4411916000e-01	0.000000e+00
-3.1001836000e-01	-4.7768030000e-01	0.000000e+00
-3.3378494000e-01	-4.7645277000e-01	0.000000e+00
-3.2755834000e-01	-4.3441918000e-01	0.000000e+00
-3.4729597000e-01	-4.2969573000e-01	0.000000e+00
-3.4154332000e-01	-4.5264563000e-01	0.000000e+00
-3.8201734000e-01	-4.6683881000e-01	0.000000e+00
-3.5772243000e-01	-4.7323951000e-01	0.000000e+00
-2.1226881000e-01	-4.7773540000e-01	0.000000e+00
-2.3695645000e-01	-4.7791761000e-01	0.000000e+00
-2.3663336000e-01	-4.3374562000e-01	0.000000e+00
-2.6062879000e-01	-4.3447691000e-01	0.000000e+00
-2.4882336000e-01	-4.5603573000e-01	0.000000e+00
-2.8587931000e-01	-4.7803065000e-01	0.000000e+00
-2.6157987000e-01	-4.7804233000e-01	0.000000e+00
-1.1246800000e-01	-4.7726732000e-01	0.000000e+00
-1.3745379000e-01	-4.7739437000e-01	0.000000e+00
-1.3753486000e-01	-4.3221322000e-01	0.000000e+00
-1.6247281000e-01	-4.3262485000e-01	0.000000e+00
-1.4994606000e-01	-4.5493394000e-01	0.000000e+00
-1.8735072000e-01	-4.7763288000e-01	0.000000e+00
-1.6243164000e-01	-4.7751853000e-01	0.000000e+00
-3.7357476000e-02	-4.7699818000e-01	0.000000e+00
-3.7138868000e-02	-4.3089893000e-01	0.000000e+00
-6.2304460000e-02	-4.3121663000e-01	0.000000e+00
-4.9795076000e-02	-4.5406383000e-01	0.000000e+00
-8.7447375000e-02	-4.7718731000e-01	0.000000e+00
-6.2411819000e-02	-4.7708485000e-01	0.000000e+00
-4.5380256000e-01	-6.9222972000e-04	0.000000e+00
-4.0755418000e-01	-2.6546776000e-02	0.000000e+00
-4.3068141000e-01	-1.3603603000e-02	0.000000e+00
-4.0764719000e-01	2.4030795000e-02	0.000000e+00
-4.3072754000e-01	1.1614216000e-02	0.000000e+00
-4.5399204000e-01	-1.0147737000e-01	0.000000e+00
-4.0828738000e-01	-1.2823820000e-01	0.000000e+00
-4.3108326000e-01	-1.1484738000e-01	0.000000e+00
-4.0787548000e-01	-7.7300474000e-02	0.000000e+00
-4.3096435000e-01	-8.9459956000e-02	0.000000e+00
-4.5408025000e-01	-2.0305656000e-01	0.000000e+00
-4.0856221000e-01	-2.3136950000e-01	0.000000e+00
-4.3127769000e-01	-2.1722727000e-01	0.000000e+00
-4.0857217000e-01	-1.7957477000e-01	0.000000e+00
-4.3129897000e-01	-1.9146343000e-01	0.000000e+00
-4.5405248000e-01	-3.0588242000e-01	0.000000e+00
-4.0864772000e-01	-3.3741149000e-01	0.000000e+00
-4.3126196000e-01	-3.2156581000e-01	0.000000e+00
-4.0816566000e-01	-2.8424662000e-01	0.000000e+00
-4.3114430000e-01	-2.9532865000e-01	0.000000e+00
-4.5439637000e-01	-4.1079822000e-01	0.000000e+00
-4.0764058000e-01	-4.5178577000e-01	0.000000e+00
-4.3173197000e-01	-4.3092138000e-01	0.000000e+00
-4.0968403000e-01	-3.9105421000e-01	0.000000e+00
-4.3175554000e-01	-4.0166423000e-01	0.000000e+00
-2.9655972000e-01	-4.5637748000e-01	0.000000e+00
-2.7295154000e-01	-4.1321975000e-01	0.000000e+00
-2.8430769000e-01	-4.3502581000e-01	0.000000e+00
-3.1695375000e-01	-4.1630158000e-01	0.000000e+00
-3.0664030000e-01	-4.3536547000e-01	0.000000e+00
-3.4889531000e-01	-4.0786034000e-01	0.000000e+00
-3.6709580000e-01	-4.2001429000e-01	0.000000e+00
-3.8770154000e-01	-3.7988681000e-01	0.000000e+00
-3.8798553000e-01	-4.0664208000e-01	0.000000e+00
-3.8653910000e-01	-4.3487176000e-01	0.000000e+00
-1.9972652000e-01	-4.5542675000e-01	0.000000e+00
-1.7512041000e-01	-4.1051725000e-01	0.000000e+00
-1.8737543000e-01	-4.3300983000e-01	0.000000e+00
-2.2467899000e-01	-4.1155440000e-01	0.000000e+00
-2.1212476000e-01	-4.3340412000e-01	0.000000e+00
-9.9960923000e-02	-4.5445955000e-01	0.000000e+00
-7.4947104000e-02	-4.0843529000e-01	0.000000e+00
-8.7451309000e-02	-4.3151042000e-01	0.000000e+00
-1.2520173000e-01	-4.0942597000e-01	0.000000e+00
-1.1253545000e-01	-4.3186879000e-01	0.000000e+00
-2.4520621000e-02	-4.0766248000e-01	0.000000e+00
-3.8450217000e-01	-3.9594628000e-02	0.000000e+00
-3.8441354000e-01	-1.4156411000e-02	0.000000e+00
-3.3788073000e-01	-1.4665291000e-02	0.000000e+00
-3.3796865000e-01	1.1062286000e-02	0.000000e+00
-3.6120719000e-01	-1.6313037000e-03	0.000000e+00
-3.8447258000e-01	1.1242325000e-02	0.000000e+00
-3.8566053000e-01	-1.4170741000e-01	0.000000e+00
-3.8534549000e-01	-1.1606530000e-01	0.000000e+00
-3.3974835000e-01	-1.1714322000e-01	0.000000e+00
-3.3902922000e-01	-9.1562115000e-02	0.000000e+00
-3.6227810000e-01	-1.0382061000e-01	0.000000e+00
-3.8472053000e-01	-6.5034270000e-02	0.000000e+00
-3.8501853000e-01	-9.0535142000e-02	0.000000e+00
-3.8574407000e-01	-2.4567568000e-01	0.000000e+00
-3.8598228000e-01	-2.1927495000e-01	0.000000e+00
-3.4123126000e-01	-2.1986923000e-01	0.000000e+00
-3.4126022000e-01	-1.9403952000e-01	0.000000e+00
-3.6357301000e-01	-2.0670106000e-01	0.000000e+00
-3.8588062000e-01	-1.6740529000e-01	0.000000e+00
-3.8601360000e-01	-1.9320555000e-01	0.000000e+00
-3.8661557000e-01	-3.5324454000e-01	0.000000e+00
-3.8574630000e-01	-3.2633942000e-01	0.000000e+00
-3.3883482000e-01	-3.3172792000e-01	0.000000e+00
-3.3792442000e-01	-3.0207127000e-01	0.000000e+00
-3.6220250000e-01	-3.1480396000e-01	0.000000e+00
-3.8536927000e-01	-2.7237079000e-01	0.000000e+00
-3.8527626000e-01	-2.9928461000e-01	0.000000e+00
-2.6202726000e-01	-3.9081234000e-01	0.000000e+00
-2.8602540000e-01	-3.9271757000e-01	0.000000e+00
-2.9096892000e-01	-3.4697875000e-01	0.000000e+00
-3.1785145000e-01	-3.5131171000e-01	0.000000e+00
-3.0063260000e-01	-3.7226203000e-01	0.000000e+00
-3.2992142000e-01	-3.9992633000e-01	0.000000e+00
-3.0895439000e-01	-3.9556301000e-01	0.000000e+00
-3.4648809000e-01	-3.8475209000e-01	0.000000e+00
-3.4275100000e-01	-3.5945010000e-01	0.000000e+00
-3.6572418000e-01	-3.6913404000e-01	0.000000e+00
-1.6292880000e-01	-3.8786191000e-01	0.000000e+00
-1.8789551000e-01	-3.8860297000e-01	0.000000e+00
-1.8859957000e-01	-3.4435531000e-01	0.000000e+00
-2.1356584000e-01	-3.4508288000e-01	0.000000e+00
-2.0072861000e-01	-3.6682916000e-01	0.000000e+00
-2.3754548000e-01	-3.8998732000e-01	0.000000e+00
-2.1274938000e-01	-3.8926026000e-01	0.000000e+00
-6.2437247000e-02	-3.8518712000e-01	0.000000e+00
-8.7697849000e-02	-3.8581705000e-01	0.000000e+00
-8.8398777000e-02	-3.3990365000e-01	0.000000e+00
-1.1363938000e-01	-3.4107181000e-01	0.000000e+00
-1.0061618000e-01	-3.6334276000e-01	0.000000e+00
-1.3795227000e-01	-3.8719034000e-01	0.000000e+00
-1.1288371000e-01	-3.8648736000e-01	0.000000e+00
-1.2036243000e-02	-3.3779988000e-01	0.000000e+00
8.1257528000e-04	-3.6097237000e-01	0.000000e+00
-3.7182588000e-02	-3.8473329000e-01	0.000000e+00
-1.1883723000e-02	-3.8437644000e-01	0.000000e+00
-3.6143103000e-01	-5.2733097000e-02	0.000000e+00
-3.1556654000e-01	-7.9336748000e-02	0.000000e+00
-3.3846515000e-01	-6.5983601000e-02	0.000000e+00
-3.1460121000e-01	-2.7804637000e-02	0.000000e+00
-3.3809254000e-01	-4.0326569000e-02	0.000000e+00
-3.6320835000e-01	-1.5509620000e-01	0.000000e+00
-3.1906784000e-01	-1.8146588000e-01	0.000000e+00
-3.4098351000e-01	-1.6836412000e-01	0.000000e+00
-3.1738427000e-01	-1.3061430000e-01	0.000000e+00
-3.4040013000e-01	-1.4277831000e-01	0.000000e+00
-3.6286965000e-01	-2.5953376000e-01	0.000000e+00
-3.1452516000e-01	-2.8624824000e-01	0.000000e+00
-3.3932447000e-01	-2.7324441000e-01	0.000000e+00
-3.1926560000e-01	-2.3232256000e-01	0.000000e+00
-3.4065628000e-01	-2.4612820000e-01	0.000000e+00
-2.5064138000e-01	-3.6826965000e-01	0.000000e+00
-2.2589730000e-01	-3.2342747000e-01	0.000000e+00
-2.3854595000e-01	-3.4570357000e-01	0.000000e+00
-2.7776814000e-01	-3.2191873000e-01	0.000000e+00
-2.6421079000e-01	-3.4597167000e-01	0.000000e+00
-1.5083607000e-01	-3.6514297000e-01	0.000000e+00
-1.2698713000e-01	-3.1904837000e-01	0.000000e+00
-1.3881949000e-01	-3.4219977000e-01	0.000000e+00
-1.7670919000e-01	-3.2186598000e-01	0.000000e+00
-1.6376857000e-01	-3.4334543000e-01	0.000000e+00
-5.0050028000e-02	-3.6180201000e-01	0.000000e+00
-2.5131682000e-02	-3.1460267000e-01	0.000000e+00
-3.7612591000e-02	-3.3827788000e-01	0.000000e+00
-7.6332182000e-02	-3.1634301000e-01	0.000000e+00
-6.3082479000e-02	-3.3902770000e-01	0.000000e+00
-2.9115602000e-01	1.0947391000e-02	0.000000e+00
-2.9299891000e-01	-9.2927530000e-02	0.000000e+00
-2.9210111000e-01	-6.7060187000e-02	0.000000e+00
-2.4575341000e-01	-6.8887688000e-02	0.000000e+00
-2.4503234000e-01	-4.2239621000e-02	0.000000e+00
-2.6857924000e-01	-5.4764297000e-02	0.000000e+00
-2.9118577000e-01	-1.5085535000e-02	0.000000e+00
-2.9156405000e-01	-4.1133251000e-02	0.000000e+00
-2.9772782000e-01	-1.9399172000e-01	0.000000e+00
-2.9661345000e-01	-1.6923511000e-01	0.000000e+00
-2.5331789000e-01	-1.7150356000e-01	0.000000e+00
-2.5069928000e-01	-1.4663716000e-01	0.000000e+00
-2.7392682000e-01	-1.5773788000e-01	0.000000e+00
-2.9410031000e-01	-1.1862700000e-01	0.000000e+00
-2.9540578000e-01	-1.4411530000e-01	0.000000e+00
-2.8814721000e-01	-2.9554272000e-01	0.000000e+00
-2.9400069000e-01	-2.6900405000e-01	0.000000e+00
-2.5494325000e-01	-2.6003063000e-01	0.000000e+00
-2.5819862000e-01	-2.3999427000e-01	0.000000e+00
-2.7543393000e-01	-2.5319585000e-01	0.000000e+00
-2.9808795000e-01	-2.1890509000e-01	0.000000e+00
-2.9700643000e-01	-2.4363756000e-01	0.000000e+00
-2.1350643000e-01	-3.0189130000e-01	0.000000e+00
-2.3749201000e-01	-3.0181229000e-01	0.000000e+00
-2.3507641000e-01	-2.6267558000e-01	0.000000e+00
-2.4746172000e-01	-2.8040987000e-01	0.000000e+00
-2.6211232000e-01	-2.9992965000e-01	0.000000e+00
-1.1527596000e-01	-2.9555282000e-01	0.000000e+00
-1.4034040000e-01	-2.9743573000e-01	0.000000e+00
-1.4351043000e-01	-2.5266397000e-01	0.000000e+00
-1.6787377000e-01	-2.5585979000e-01	0.000000e+00
-1.5402636000e-01	-2.7631363000e-01	0.000000e+00
-1.8936427000e-01	-3.0083236000e-01	0.000000e+00
-1.6509058000e-01	-2.9924607000e-01	0.000000e+00
-3.8424656000e-02	-2.9166391000e-01	0.000000e+00
-3.9761096000e-02	-2.4495371000e-01	0.000000e+00
-6.6255525000e-02	-2.4629307000e-01	0.000000e+00
-5.2128337000e-02	-2.6890802000e-01	0.000000e+00
-8.9871116000e-02	-2.9402655000e-01	0.000000e+00
-6.4262755000e-02	-2.9274246000e-01	0.000000e+00
-2.6782462000e-01	-2.1813759000e-03	0.000000e+00
-2.2161317000e-01	-2.9479112000e-02	0.000000e+00
-2.4466681000e-01	-1.5669409000e-02	0.000000e+00
-2.7057171000e-01	-1.0691649000e-01	0.000000e+00
-2.2670890000e-01	-1.3629825000e-01	0.000000e+00
-2.4855177000e-01	-1.2129255000e-01	0.000000e+00
-2.2289652000e-01	-8.3526410000e-02	0.000000e+00
-2.4693452000e-01	-9.5255166000e-02	0.000000e+00
-2.7713788000e-01	-2.0677817000e-01	0.000000e+00
-2.4048975000e-01	-2.3066260000e-01	0.000000e+00
-2.5769761000e-01	-2.1876436000e-01	0.000000e+00
-2.3361365000e-01	-1.8625817000e-01	0.000000e+00
-2.5578001000e-01	-1.9580334000e-01	0.000000e+00
-2.0208091000e-01	-2.8061274000e-01	0.000000e+00
-1.8274170000e-01	-2.3641844000e-01	0.000000e+00
-1.9184172000e-01	-2.5885347000e-01	0.000000e+00
-2.2630639000e-01	-2.4451058000e-01	0.000000e+00
-2.1421315000e-01	-2.6146278000e-01	0.000000e+00
-1.0390058000e-01	-2.7189529000e-01	0.000000e+00
-8.1109300000e-02	-2.2362673000e-01	0.000000e+00
-9.2529170000e-02	-2.4793477000e-01	0.000000e+00
-1.3356674000e-01	-2.2853036000e-01	0.000000e+00
-1.1836442000e-01	-2.5013369000e-01	0.000000e+00
-2.7287288000e-02	-2.2128008000e-01	0.000000e+00
-1.9850443000e-01	-4.3946952000e-02	0.000000e+00
-2.0592703000e-01	-1.5222296000e-01	0.000000e+00
-2.0245941000e-01	-1.2575684000e-01	0.000000e+00
-1.5345652000e-01	-1.3327029000e-01	0.000000e+00
-1.5088364000e-01	-1.0287774000e-01	0.000000e+00
-1.7717150000e-01	-1.1502734000e-01	0.000000e+00
-1.9897962000e-01	-7.1337909000e-02	0.000000e+00
-2.0018908000e-01	-9.8732591000e-02	0.000000e+00
-2.2042878000e-01	-2.2420312000e-01	0.000000e+00
-1.7450945000e-01	-2.1256906000e-01	0.000000e+00
-1.9836062000e-01	-2.1834575000e-01	0.000000e+00
-2.1022603000e-01	-1.7748065000e-01	0.000000e+00
-2.1526316000e-01	-2.0172356000e-01	0.000000e+00
-6.9180205000e-02	-1.9932565000e-01	0.000000e+00
-9.6611083000e-02	-2.0117654000e-01	0.000000e+00
-1.0144897000e-01	-1.5164852000e-01	0.000000e+00
-1.3162476000e-01	-1.5482968000e-01	0.000000e+00
-1.1306848000e-01	-1.7830756000e-01	0.000000e+00
-1.4956608000e-01	-2.0787629000e-01	0.000000e+00
-1.2350603000e-01	-2.0394205000e-01	0.000000e+00
-1.5925007000e-02	-1.5118095000e-01	0.000000e+00
-1.4623828000e-03	-1.7404851000e-01	0.000000e+00
-4.1869532000e-02	-1.9839372000e-01	0.000000e+00
-1.4519373000e-02	-1.9769980000e-01	0.000000e+00
-1.7528579000e-01	-5.8364395000e-02	0.000000e+00
-1.2560953000e-01	-8.7581404000e-02	0.000000e+00
-1.5128030000e-01	-7.3161297000e-02	0.000000e+00
-1.2932141000e-01	-3.1173322000e-02	0.000000e+00
-1.5188323000e-01	-4.4902105000e-02	0.000000e+00
-1.8575986000e-01	-1.6951694000e-01	0.000000e+00
-1.6707264000e-01	-1.8810330000e-01	0.000000e+00
-1.5986741000e-01	-1.6176842000e-01	0.000000e+00
-5.6614876000e-02	-1.7530882000e-01	0.000000e+00
-3.0188017000e-02	-1.2858243000e-01	0.000000e+00
-4.3496147000e-02	-1.5171951000e-01	0.000000e+00
-8.6537346000e-02	-1.2605450000e-01	0.000000e+00
-7.1771428000e-02	-1.5154245000e-01	0.000000e+00
-9.7765140000e-02	-9.8415732000e-02	0.000000e+00
-1.0366894000e-01	-7.0642032000e-02	0.000000e+00
-6.2723354000e-02	-6.2882677000e-02	0.000000e+00
-6.5996893000e-02	-4.2158339000e-02	0.000000e+00
-8.4019952000e-02	-5.5075288000e-02	0.000000e+00
-1.0691223000e-01	-1.8118706000e-02	0.000000e+00
-1.0636615000e-01	-4.4116609000e-02	0.000000e+00
-1.7564571000e-02	-1.0621370000e-01	0.000000e+00
-4.3434441000e-02	-1.0614309000e-01	0.000000e+00
-4.2010032000e-02	-6.5900169000e-02	0.000000e+00
-5.4618567000e-02	-8.3955161000e-02	0.000000e+00
-6.9868930000e-02	-1.0379342000e-01	0.000000e+00
8.6849080000e-03	-1.0466657000e-01	0.000000e+00
-8.4687307000e-02	-6.5796776000e-03	0.000000e+00
-4.7797687000e-02	-3.3202507000e-02	0.000000e+00
-6.5168925000e-02	-2.0329472000e-02	0.000000e+00
-6.2433004000e-02	3.0254717000e-03	0.000000e+00
-6.3341553000e-03	-8.3926372000e-02	0.000000e+00
3.0399985000e-03	-6.1631434000e-02	0.000000e+00
-3.3283893000e-02	-4.7473915000e-02	0.000000e+00
-2.0262802000e-02	-6.4674638000e-02	0.000000e+00
-2.7622450000e-02	-2.7230455000e-02	0.000000e+00
